<TICKER>,<PER>,<DATE>,<TIME>,<OPEN>,<HIGH>,<LOW>,<CLOSE>,<VOL>
US1.PEP,D,20150102,000000,94.9300000,95.3400000,94.0480000,94.4500000,2712453
US1.PEP,D,20150105,000000,94.4500000,95.0499000,93.7200000,93.7800000,3986000
US1.PEP,D,20150106,000000,94.0800000,94.6199000,92.9400000,93.0000000,4967318
US1.PEP,D,20150107,000000,95.1300000,96.2300000,94.4300000,95.7300000,5638372
US1.PEP,D,20150108,000000,96.7400000,97.9100000,96.6800000,97.5000000,5650001
US1.PEP,D,20150109,000000,97.5500000,97.6700000,96.5900000,96.8400000,3321029
US1.PEP,D,20150112,000000,96.9500000,97.3400000,96.1900000,96.4300000,3568678
US1.PEP,D,20150113,000000,96.6700000,97.4900000,95.8200000,96.3900000,4606501
US1.PEP,D,20150114,000000,95.4600000,96.8000000,95.4600000,96.6600000,4227984
US1.PEP,D,20150115,000000,97.1400000,97.3200000,96.3800000,96.6700000,3741583
US1.PEP,D,20150116,000000,96.6600000,97.4300000,96.3400000,97.2700000,3175501
US1.PEP,D,20150120,000000,98.3300000,98.3300000,96.8300000,97.5300000,5231360
US1.PEP,D,20150121,000000,97.0200000,98.2200000,96.6000000,97.4000000,4194117
US1.PEP,D,20150122,000000,97.4800000,99.0000000,97.0400000,98.9600000,6673900
US1.PEP,D,20150123,000000,98.3600000,98.9900000,98.1000000,98.5200000,3917792
US1.PEP,D,20150126,000000,98.1900000,98.9500000,97.6700000,98.7100000,3700792
US1.PEP,D,20150127,000000,97.6500000,98.0500000,95.2480000,96.7300000,6418569
US1.PEP,D,20150128,000000,97.2100000,97.7700000,95.6600000,95.7200000,5446268
US1.PEP,D,20150129,000000,95.7200000,96.4800000,94.8700000,96.0500000,3955945
US1.PEP,D,20150130,000000,95.1100000,95.3300000,93.5600000,93.8100000,5887703
US1.PEP,D,20150202,000000,93.8600000,95.4400000,93.6000000,95.3800000,5155897
US1.PEP,D,20150203,000000,96.0200000,96.5600000,95.5800000,96.1600000,4071208
US1.PEP,D,20150204,000000,96.0300000,97.2653000,96.0300000,96.6200000,4420738
US1.PEP,D,20150205,000000,97.2300000,97.2300000,96.4100000,96.6100000,3840255
US1.PEP,D,20150206,000000,96.6800000,97.0600000,96.3542000,96.7000000,3770723
US1.PEP,D,20150209,000000,96.5800000,96.9100000,95.5900000,95.9400000,3628233
US1.PEP,D,20150210,000000,96.7300000,98.1000000,96.3800000,97.9500000,5941623
US1.PEP,D,20150211,000000,100.0500000,100.7600000,99.2000000,100.3900000,8435389
US1.PEP,D,20150212,000000,100.0500000,100.5000000,99.3800000,100.2500000,7582181
US1.PEP,D,20150213,000000,100.1500000,100.1500000,98.9400000,99.1000000,4750984
US1.PEP,D,20150217,000000,98.4500000,98.7100000,98.0000000,98.3400000,4417540
US1.PEP,D,20150218,000000,98.2400000,99.4900000,98.1600000,99.3100000,2894769
US1.PEP,D,20150219,000000,99.3000000,99.5999000,98.5300000,98.7000000,3536594
US1.PEP,D,20150220,000000,98.2200000,99.0700000,97.8300000,99.0500000,3292224
US1.PEP,D,20150223,000000,99.1600000,99.4750000,98.7400000,99.4300000,2409179
US1.PEP,D,20150224,000000,99.4500000,99.9700000,99.1400000,99.6000000,2772454
US1.PEP,D,20150225,000000,99.6800000,99.8199000,98.9101000,99.4900000,2774197
US1.PEP,D,20150226,000000,99.1500000,99.3600000,98.9800000,99.0800000,3488220
US1.PEP,D,20150227,000000,99.2200000,99.3700000,98.9700000,98.9900000,4100653
US1.PEP,D,20150302,000000,98.9000000,99.3000000,98.7300000,99.0000000,2910248
US1.PEP,D,20150303,000000,98.8200000,98.9500000,98.1200000,98.4000000,3238345
US1.PEP,D,20150304,000000,97.7200000,97.8448000,97.1200000,97.3700000,3300637
US1.PEP,D,20150305,000000,97.7000000,97.8300000,97.2100000,97.2300000,2948613
US1.PEP,D,20150306,000000,97.0000000,97.1500000,95.9400000,96.1700000,5016269
US1.PEP,D,20150309,000000,96.0000000,96.5000000,95.9701000,96.0300000,3935270
US1.PEP,D,20150310,000000,95.3800000,95.6000000,94.4700000,94.4700000,4038029
US1.PEP,D,20150311,000000,94.4600000,94.6300000,93.4500000,93.6400000,3625221
US1.PEP,D,20150312,000000,93.9600000,95.7600000,93.8400000,95.7000000,3667510
US1.PEP,D,20150313,000000,94.8900000,95.5900000,93.9400000,94.3200000,3344603
US1.PEP,D,20150316,000000,94.4900000,95.5300000,94.4800000,95.4600000,3249593
US1.PEP,D,20150317,000000,94.9400000,95.2900000,94.0600000,94.1400000,3585115
US1.PEP,D,20150318,000000,93.9900000,95.0500000,92.2400000,94.6300000,6099702
US1.PEP,D,20150319,000000,94.4300000,94.5800000,93.7000000,94.1000000,3341180
US1.PEP,D,20150320,000000,94.2000000,95.4750000,94.1000000,95.1900000,4608546
US1.PEP,D,20150323,000000,95.4700000,96.1200000,95.3400000,95.8200000,3811756
US1.PEP,D,20150324,000000,96.7100000,97.1600000,95.8100000,95.8400000,6142605
US1.PEP,D,20150325,000000,96.4600000,96.4600000,95.2300000,95.2650000,4172686
US1.PEP,D,20150326,000000,95.2500000,95.9800000,94.7900000,95.6200000,3378967
US1.PEP,D,20150327,000000,95.2800000,96.1600000,95.1800000,95.9700000,3396734
US1.PEP,D,20150330,000000,96.2800000,96.6750000,95.5500000,96.5200000,4236525
US1.PEP,D,20150331,000000,96.2200000,96.5900000,95.6300000,95.6700000,3090372
US1.PEP,D,20150401,000000,95.1600000,95.2800000,94.1700000,95.0800000,3427248
US1.PEP,D,20150402,000000,94.7800000,95.9250000,94.7800000,95.6700000,2960125
US1.PEP,D,20150406,000000,95.5300000,97.0900000,95.5300000,96.4900000,3799224
US1.PEP,D,20150407,000000,96.6700000,96.8700000,96.1900000,96.2300000,2762811
US1.PEP,D,20150408,000000,96.1000000,96.6000000,95.6900000,96.0300000,3045330
US1.PEP,D,20150409,000000,95.8300000,96.6300000,95.6400000,96.3400000,2795975
US1.PEP,D,20150410,000000,96.2800000,96.5200000,96.1500000,96.2000000,2136659
US1.PEP,D,20150413,000000,96.0100000,96.2800000,95.4800000,95.5300000,2846058
US1.PEP,D,20150414,000000,95.6700000,96.8000000,95.3900000,96.5300000,3804461
US1.PEP,D,20150415,000000,96.7400000,97.3000000,96.5000000,96.6000000,2683931
US1.PEP,D,20150416,000000,96.5300000,96.9150000,96.2100000,96.4500000,3043605
US1.PEP,D,20150417,000000,95.8400000,96.1200000,95.3600000,95.8100000,4122122
US1.PEP,D,20150420,000000,96.2600000,96.9400000,96.2400000,96.5000000,3224196
US1.PEP,D,20150421,000000,97.2000000,97.5600000,96.5400000,96.7800000,3665261
US1.PEP,D,20150422,000000,97.2500000,97.6400000,96.6800000,97.2800000,4397085
US1.PEP,D,20150423,000000,96.6700000,97.4400000,95.4500000,95.7400000,6762285
US1.PEP,D,20150424,000000,95.7100000,95.7100000,94.5100000,95.1800000,4443862
US1.PEP,D,20150427,000000,95.1700000,95.2700000,94.4600000,94.4900000,3979672
US1.PEP,D,20150428,000000,94.7400000,94.7700000,94.0200000,94.4400000,4211225
US1.PEP,D,20150429,000000,94.2200000,94.4700000,93.2550000,94.3700000,4140234
US1.PEP,D,20150430,000000,94.1600000,95.3300000,93.7600000,95.1200000,5271074
US1.PEP,D,20150501,000000,95.1600000,95.6200000,94.7600000,95.5700000,3542292
US1.PEP,D,20150504,000000,95.4500000,96.2500000,95.2600000,95.9500000,3090186
US1.PEP,D,20150505,000000,96.0200000,96.1700000,95.2400000,95.4100000,2912253
US1.PEP,D,20150506,000000,95.9200000,95.9700000,94.9500000,95.4900000,2797899
US1.PEP,D,20150507,000000,95.1500000,95.6700000,94.9500000,95.1400000,2573399
US1.PEP,D,20150508,000000,95.9100000,96.6100000,95.5500000,96.5700000,4565800
US1.PEP,D,20150511,000000,96.2700000,97.0979000,96.1200000,96.3400000,2534817
US1.PEP,D,20150512,000000,96.0200000,96.3800000,95.0000000,96.2100000,3133310
US1.PEP,D,20150513,000000,96.2700000,96.9600000,96.1700000,96.4100000,2953850
US1.PEP,D,20150514,000000,96.8400000,98.0000000,96.7400000,97.9900000,3117693
US1.PEP,D,20150515,000000,97.8300000,98.4400000,97.7500000,98.2100000,2903068
US1.PEP,D,20150518,000000,98.0100000,98.3300000,97.6700000,98.0200000,2779947
US1.PEP,D,20150519,000000,97.9400000,98.3400000,97.5700000,97.9500000,2659954
US1.PEP,D,20150520,000000,98.0000000,98.3300000,97.6750000,97.7000000,2189112
US1.PEP,D,20150521,000000,97.4000000,97.7900000,96.9000000,97.2200000,2749379
US1.PEP,D,20150522,000000,97.2100000,97.2100000,96.2300000,96.2700000,2653578
US1.PEP,D,20150526,000000,96.0600000,96.2800000,95.5029000,95.8100000,2850706
US1.PEP,D,20150527,000000,95.9900000,96.5800000,95.7100000,96.3900000,3271148
US1.PEP,D,20150528,000000,96.5500000,97.3900000,95.9300000,97.0700000,4564159
US1.PEP,D,20150529,000000,97.2100000,97.2400000,95.9400000,96.4200000,3888766
US1.PEP,D,20150601,000000,96.5900000,96.5900000,95.6400000,95.9500000,3420612
US1.PEP,D,20150602,000000,95.6300000,96.3502000,95.3700000,96.0500000,3004155
US1.PEP,D,20150603,000000,95.8200000,96.0000000,95.1500000,95.3000000,2762121
US1.PEP,D,20150604,000000,95.0100000,95.6200000,94.1200000,94.1500000,3682822
US1.PEP,D,20150605,000000,93.8700000,93.9500000,92.9000000,93.0400000,3820317
US1.PEP,D,20150608,000000,93.3000000,93.4100000,92.7400000,92.8000000,3494272
US1.PEP,D,20150609,000000,92.8000000,93.3200000,92.7200000,93.0500000,2792869
US1.PEP,D,20150610,000000,93.3700000,94.0800000,93.1300000,93.6900000,2947998
US1.PEP,D,20150611,000000,94.0000000,94.2900000,93.8900000,94.1200000,2216477
US1.PEP,D,20150612,000000,93.9600000,94.0700000,93.4400000,93.7200000,2407619
US1.PEP,D,20150615,000000,93.2700000,93.4200000,92.5400000,92.6700000,4217664
US1.PEP,D,20150616,000000,92.7700000,93.7100000,92.5801000,93.5600000,2133069
US1.PEP,D,20150617,000000,93.5700000,94.2700000,93.2500000,94.0700000,2492261
US1.PEP,D,20150618,000000,94.3300000,95.5200000,94.1200000,95.2300000,3140479
US1.PEP,D,20150619,000000,94.8800000,95.3101000,94.7200000,94.8200000,3612725
US1.PEP,D,20150622,000000,95.0000000,95.8800000,95.0000000,95.6200000,2774417
US1.PEP,D,20150623,000000,95.6100000,95.7400000,95.1400000,95.6100000,3098987
US1.PEP,D,20150624,000000,95.2600000,95.7700000,95.2600000,95.3000000,3108344
US1.PEP,D,20150625,000000,95.7500000,95.9900000,94.8300000,94.8400000,3722782
US1.PEP,D,20150626,000000,95.1000000,95.4500000,94.8300000,94.9200000,3108336
US1.PEP,D,20150629,000000,94.4000000,94.7600000,93.6200000,93.6700000,2987128
US1.PEP,D,20150630,000000,94.5100000,94.7000000,93.2600000,93.3400000,3085701
US1.PEP,D,20150701,000000,93.8000000,94.5700000,93.5500000,94.5400000,3681144
US1.PEP,D,20150702,000000,94.6000000,94.9800000,94.2100000,94.6300000,2558458
US1.PEP,D,20150706,000000,94.0400000,94.9200000,94.0100000,94.4000000,3999212
US1.PEP,D,20150707,000000,94.7800000,96.6600000,94.5400000,96.4500000,6717413
US1.PEP,D,20150708,000000,95.7100000,96.2800000,95.5100000,95.6300000,5018951
US1.PEP,D,20150709,000000,97.3400000,97.3500000,94.0800000,94.5500000,8723801
US1.PEP,D,20150710,000000,95.4200000,96.2700000,95.0100000,95.5400000,6299967
US1.PEP,D,20150713,000000,96.3000000,97.4900000,96.1600000,97.2300000,6361836
US1.PEP,D,20150714,000000,97.4000000,97.4800000,96.7300000,97.1199000,3667375
US1.PEP,D,20150715,000000,97.0700000,97.3400000,96.3200000,96.3500000,3813536
US1.PEP,D,20150716,000000,97.0900000,97.3400000,96.8700000,96.8900000,3604514
US1.PEP,D,20150717,000000,96.5400000,96.9000000,96.0500000,96.7600000,2979520
US1.PEP,D,20150720,000000,97.0800000,97.4800000,96.8000000,97.2800000,2523549
US1.PEP,D,20150721,000000,97.4800000,97.4800000,96.8400000,96.9400000,2375523
US1.PEP,D,20150722,000000,97.0200000,97.4800000,96.8000000,97.1600000,2842416
US1.PEP,D,20150723,000000,97.0000000,97.3700000,96.4600000,96.8900000,2191894
US1.PEP,D,20150724,000000,96.6700000,96.8851000,96.0900000,96.2000000,2847413
US1.PEP,D,20150727,000000,96.0300000,96.4200000,95.3300000,95.6600000,3762731
US1.PEP,D,20150728,000000,96.2300000,96.2300000,95.6400000,96.1800000,3670048
US1.PEP,D,20150729,000000,96.0800000,96.7700000,96.0500000,96.5200000,3208751
US1.PEP,D,20150730,000000,96.1800000,96.8800000,96.1500000,96.6300000,2782121
US1.PEP,D,20150731,000000,97.1700000,97.1700000,96.2000000,96.3700000,3689677
US1.PEP,D,20150803,000000,96.1900000,97.4800000,96.1700000,97.4800000,3103456
US1.PEP,D,20150804,000000,97.3000000,98.0000000,97.1800000,97.8300000,3268922
US1.PEP,D,20150805,000000,98.0200000,99.3500000,97.8850000,99.2100000,3596823
US1.PEP,D,20150806,000000,99.6600000,100.6100000,99.0950000,99.1500000,5094844
US1.PEP,D,20150807,000000,99.0100000,99.4500000,98.7200000,99.1000000,3704341
US1.PEP,D,20150810,000000,99.5200000,99.7000000,98.8900000,99.0600000,3880802
US1.PEP,D,20150811,000000,98.6000000,98.7500000,98.1500000,98.6500000,2764325
US1.PEP,D,20150812,000000,98.0400000,98.4300000,97.0000000,98.4000000,3122995
US1.PEP,D,20150813,000000,98.2500000,99.2300000,98.0300000,98.7800000,2905613
US1.PEP,D,20150814,000000,98.8300000,99.2700000,98.7000000,99.2300000,2689171
US1.PEP,D,20150817,000000,98.8200000,100.0900000,98.7500000,99.8600000,2691684
US1.PEP,D,20150818,000000,99.5000000,100.4200000,99.5000000,99.7800000,3966460
US1.PEP,D,20150819,000000,99.3800000,99.6802000,98.6400000,99.0000000,3125853
US1.PEP,D,20150820,000000,98.3100000,98.6000000,97.9800000,97.9900000,3183915
US1.PEP,D,20150821,000000,97.2000000,97.6400000,96.1000000,96.3000000,6233675
US1.PEP,D,20150824,000000,91.5800000,94.4700000,76.4800000,91.8200000,11337406
US1.PEP,D,20150825,000000,94.2900000,94.2900000,89.5500000,89.6800000,6590052
US1.PEP,D,20150826,000000,91.7200000,92.6300000,89.6900000,92.5000000,5698100
US1.PEP,D,20150827,000000,93.5000000,93.9900000,91.8600000,93.5700000,4527096
US1.PEP,D,20150828,000000,93.0000000,93.8400000,92.7800000,93.5300000,4582870
US1.PEP,D,20150831,000000,92.9400000,93.3300000,92.6400000,92.9500000,3594219
US1.PEP,D,20150901,000000,91.1200000,92.1600000,90.8800000,91.3300000,6356263
US1.PEP,D,20150902,000000,91.3800000,92.1600000,90.8700000,91.6300000,4466923
US1.PEP,D,20150903,000000,92.0000000,92.7500000,91.8800000,92.1200000,3216952
US1.PEP,D,20150904,000000,91.0000000,91.5411000,90.6400000,90.9400000,4557442
US1.PEP,D,20150908,000000,91.9500000,92.4000000,91.5800000,92.3500000,2917316
US1.PEP,D,20150909,000000,93.0400000,93.0800000,90.5000000,90.8300000,3291452
US1.PEP,D,20150910,000000,90.5000000,91.7000000,90.4300000,91.0400000,3209016
US1.PEP,D,20150911,000000,90.9200000,91.6400000,90.6900000,91.6300000,2835941
US1.PEP,D,20150914,000000,91.6200000,91.6300000,90.9900000,91.2200000,3006952
US1.PEP,D,20150915,000000,91.6700000,92.3400000,91.1500000,92.0800000,3106583
US1.PEP,D,20150916,000000,92.3500000,93.3200000,92.1500000,93.0700000,3509245
US1.PEP,D,20150917,000000,93.3100000,94.3700000,92.6100000,93.3899000,4426408
US1.PEP,D,20150918,000000,92.1900000,93.6300000,91.7900000,93.1200000,6967193
US1.PEP,D,20150921,000000,93.3200000,94.2700000,93.2300000,93.7300000,3019289
US1.PEP,D,20150922,000000,92.9900000,93.0800000,91.9450000,92.3800000,3884054
US1.PEP,D,20150923,000000,92.2700000,92.7000000,91.8600000,92.4000000,2904057
US1.PEP,D,20150924,000000,91.8900000,92.8600000,91.4500000,92.5000000,3333118
US1.PEP,D,20150925,000000,92.9400000,94.1800000,92.6700000,93.4700000,4123481
US1.PEP,D,20150928,000000,92.9700000,93.6500000,92.2000000,92.4900000,3743650
US1.PEP,D,20150929,000000,92.5500000,93.3600000,92.3100000,93.0400000,4185342
US1.PEP,D,20150930,000000,94.0600000,94.4000000,93.5300000,94.2400000,4054891
US1.PEP,D,20151001,000000,94.2000000,94.5000000,93.1300000,93.8300000,3921633
US1.PEP,D,20151002,000000,93.1700000,94.2200000,92.5300000,94.1700000,3858289
US1.PEP,D,20151005,000000,94.9100000,95.9800000,94.5900000,95.8300000,4417846
US1.PEP,D,20151006,000000,97.9600000,98.0000000,96.7300000,97.0800000,5708911
US1.PEP,D,20151007,000000,97.1900000,98.9900000,97.0800000,98.5300000,5693452
US1.PEP,D,20151008,000000,97.6000000,99.0100000,97.6000000,98.9500000,4154064
US1.PEP,D,20151009,000000,98.9000000,99.6150000,98.8100000,99.4800000,4408866
US1.PEP,D,20151012,000000,98.9500000,100.1000000,98.6850000,99.1200000,3743017
US1.PEP,D,20151013,000000,98.9600000,99.1600000,97.8900000,97.9100000,4329277
US1.PEP,D,20151014,000000,97.7700000,98.2100000,97.4100000,97.4800000,3581858
US1.PEP,D,20151015,000000,98.1100000,98.4850000,97.4300000,98.3500000,4062627
US1.PEP,D,20151016,000000,98.8500000,99.8100000,98.3000000,99.7000000,4791814
US1.PEP,D,20151019,000000,99.7000000,100.2700000,99.5200000,100.2100000,3996740
US1.PEP,D,20151020,000000,99.9500000,100.3900000,99.6700000,100.3000000,2665622
US1.PEP,D,20151021,000000,99.9000000,100.9000000,99.7400000,100.2600000,3547461
US1.PEP,D,20151022,000000,100.6700000,103.3800000,100.3300000,103.0800000,4903383
US1.PEP,D,20151023,000000,103.3200000,103.4400000,101.9300000,102.4400000,4053349
US1.PEP,D,20151026,000000,102.3900000,102.8100000,101.8500000,102.5400000,2920222
US1.PEP,D,20151027,000000,102.1300000,103.2000000,102.0100000,102.9500000,3221737
US1.PEP,D,20151028,000000,103.1100000,103.2000000,101.4800000,102.7200000,4548480
US1.PEP,D,20151029,000000,102.0900000,103.1000000,101.9000000,102.8000000,2461459
US1.PEP,D,20151030,000000,102.6300000,103.2400000,102.1900000,102.1900000,3806674
US1.PEP,D,20151102,000000,102.1400000,102.5800000,101.1000000,101.3800000,4306994
US1.PEP,D,20151103,000000,101.1600000,101.2100000,99.8300000,100.9300000,3523445
US1.PEP,D,20151104,000000,100.8900000,101.3400000,100.4000000,100.6400000,2729909
US1.PEP,D,20151105,000000,100.6200000,100.9400000,100.1900000,100.6400000,2239702
US1.PEP,D,20151106,000000,100.0700000,100.2880000,99.1500000,99.7200000,4026057
US1.PEP,D,20151109,000000,99.4800000,99.6000000,98.2250000,98.8800000,2844749
US1.PEP,D,20151110,000000,98.5000000,99.2200000,98.3800000,98.8400000,2844715
US1.PEP,D,20151111,000000,99.2800000,99.9598000,99.0900000,99.4100000,2556795
US1.PEP,D,20151112,000000,98.9000000,99.3300000,98.3400000,98.3800000,3049977
US1.PEP,D,20151113,000000,98.1900000,98.9500000,97.8100000,98.0700000,3248585
US1.PEP,D,20151116,000000,97.7500000,99.6600000,97.6500000,99.5600000,2754318
US1.PEP,D,20151117,000000,99.5400000,99.8800000,98.5550000,98.8200000,2900644
US1.PEP,D,20151118,000000,99.0700000,100.3800000,98.9100000,100.2500000,2791665
US1.PEP,D,20151119,000000,100.5200000,101.3700000,100.5000000,100.9300000,2752305
US1.PEP,D,20151120,000000,101.5200000,102.1500000,100.0000000,100.1000000,3616718
US1.PEP,D,20151123,000000,100.4800000,101.6900000,100.2400000,100.8700000,2905606
US1.PEP,D,20151124,000000,100.3300000,101.0000000,100.0000000,100.6600000,2691614
US1.PEP,D,20151125,000000,100.5300000,100.9400000,100.4500000,100.5100000,2421514
US1.PEP,D,20151127,000000,100.0900000,100.9900000,100.0900000,100.9500000,1269351
US1.PEP,D,20151130,000000,100.7400000,100.9700000,100.1250000,100.1800000,3435134
US1.PEP,D,20151201,000000,100.1100000,101.1200000,100.1100000,101.0200000,2995044
US1.PEP,D,20151202,000000,100.3600000,100.3800000,99.3600000,99.5100000,3320726
US1.PEP,D,20151203,000000,99.6200000,99.9850000,98.7600000,99.1300000,3954655
US1.PEP,D,20151204,000000,99.2000000,101.3700000,98.5400000,101.0200000,5287838
US1.PEP,D,20151207,000000,101.0300000,101.5100000,100.1200000,100.6800000,2681496
US1.PEP,D,20151208,000000,100.0000000,100.8100000,99.6300000,100.1950000,2705493
US1.PEP,D,20151209,000000,99.5300000,100.9600000,98.9900000,99.1300000,3226221
US1.PEP,D,20151210,000000,99.3100000,99.6000000,98.4500000,98.9000000,3219673
US1.PEP,D,20151211,000000,97.9200000,98.7900000,97.5400000,97.7800000,4484975
US1.PEP,D,20151214,000000,98.0900000,98.6200000,96.8100000,97.9500000,5362091
US1.PEP,D,20151215,000000,98.5300000,99.6700000,98.2000000,99.3800000,4304672
US1.PEP,D,20151216,000000,99.8400000,101.3300000,99.6500000,101.0700000,4101568
US1.PEP,D,20151217,000000,101.0000000,101.1100000,100.1700000,100.2100000,3379124
US1.PEP,D,20151218,000000,99.7500000,99.7600000,97.8800000,97.8900000,4570935
US1.PEP,D,20151221,000000,98.3900000,98.6400000,97.7700000,98.6300000,2486720
US1.PEP,D,20151222,000000,98.9100000,100.0657000,98.6300000,99.8400000,2774306
US1.PEP,D,20151223,000000,100.2000000,100.7600000,100.0200000,100.6800000,2144200
US1.PEP,D,20151224,000000,100.5100000,100.9700000,100.1100000,100.5400000,926281
US1.PEP,D,20151228,000000,100.3900000,100.7900000,100.1400000,100.6900000,1716291
US1.PEP,D,20151229,000000,101.1100000,101.7000000,100.7720000,101.4200000,1855850
US1.PEP,D,20151230,000000,101.5100000,101.5400000,100.9800000,101.1400000,1560947
US1.PEP,D,20151231,000000,100.5300000,100.9100000,99.8100000,99.8900000,2094231
US1.PEP,D,20160104,000000,98.5600000,99.0000000,97.8000000,98.8300000,4688503
US1.PEP,D,20160105,000000,98.8100000,99.8500000,98.7100000,99.4500000,3793941
US1.PEP,D,20160106,000000,98.3800000,99.7600000,98.1200000,99.4900000,4242715
US1.PEP,D,20160107,000000,98.4600000,98.9800000,97.2100000,97.5700000,4497270
US1.PEP,D,20160108,000000,97.8300000,98.6300000,96.9400000,97.1900000,3755815
US1.PEP,D,20160111,000000,97.3400000,97.9200000,96.8700000,97.4200000,4750641
US1.PEP,D,20160112,000000,98.4100000,98.4100000,97.1400000,97.6000000,4365929
US1.PEP,D,20160113,000000,97.4700000,97.9400000,96.3500000,96.4900000,4317789
US1.PEP,D,20160114,000000,96.4000000,97.0800000,95.6550000,95.7600000,5338626
US1.PEP,D,20160115,000000,93.9500000,94.5600000,93.3000000,93.9000000,6584962
US1.PEP,D,20160119,000000,94.6600000,96.1000000,94.4600000,95.7900000,5415466
US1.PEP,D,20160120,000000,94.8500000,95.4200000,93.3000000,93.7800000,6491893
US1.PEP,D,20160121,000000,94.0400000,94.6700000,93.2481000,94.4600000,5186406
US1.PEP,D,20160122,000000,94.8800000,96.2900000,94.1207000,95.8300000,5842572
US1.PEP,D,20160125,000000,95.9200000,96.8300000,95.5300000,95.9500000,3399762
US1.PEP,D,20160126,000000,95.9100000,97.2200000,95.7650000,96.3100000,3040658
US1.PEP,D,20160127,000000,95.8900000,97.2800000,95.5600000,95.9500000,3771810
US1.PEP,D,20160128,000000,96.4300000,97.9000000,96.0800000,97.4500000,4196371
US1.PEP,D,20160129,000000,97.8700000,99.2600000,97.5800000,99.0500000,4363937
US1.PEP,D,20160201,000000,98.5300000,99.4000000,97.5200000,99.0000000,2815808
US1.PEP,D,20160202,000000,98.6500000,98.6800000,98.0000000,98.2100000,2954420
US1.PEP,D,20160203,000000,98.8700000,99.0300000,97.6000000,98.7300000,4181653
US1.PEP,D,20160204,000000,98.6800000,98.9000000,97.0000000,97.3700000,3946604
US1.PEP,D,20160205,000000,97.6400000,97.7100000,96.8000000,97.3100000,4582497
US1.PEP,D,20160208,000000,97.1400000,97.8900000,96.4000000,97.5400000,3847709
US1.PEP,D,20160209,000000,96.6900000,98.7900000,96.4400000,98.3200000,4055288
US1.PEP,D,20160210,000000,98.2100000,98.7300000,97.5200000,97.6400000,3693299
US1.PEP,D,20160211,000000,96.3900000,97.9400000,96.0900000,96.9100000,4916983
US1.PEP,D,20160212,000000,97.9400000,98.5900000,96.1500000,98.4500000,3971438
US1.PEP,D,20160216,000000,99.2000000,99.3000000,98.1000000,98.5900000,3497511
US1.PEP,D,20160217,000000,99.0000000,99.8900000,98.8000000,99.5200000,3579478
US1.PEP,D,20160218,000000,99.5700000,99.9700000,98.9700000,99.6100000,2933827
US1.PEP,D,20160219,000000,98.4600000,100.1850000,98.4600000,99.5600000,2783409
US1.PEP,D,20160222,000000,99.9800000,100.5600000,99.5800000,99.8300000,2985674
US1.PEP,D,20160223,000000,99.8900000,100.0000000,99.3800000,99.5400000,3074798
US1.PEP,D,20160224,000000,99.0000000,99.7500000,98.4000000,99.6600000,4944846
US1.PEP,D,20160225,000000,99.8300000,100.7000000,99.8300000,100.6700000,3725314
US1.PEP,D,20160226,000000,100.4900000,100.5400000,97.8400000,98.3600000,5233122
US1.PEP,D,20160229,000000,98.3600000,99.0200000,97.7900000,97.8100000,3342673
US1.PEP,D,20160301,000000,98.5000000,99.1400000,98.0500000,99.0400000,3839031
US1.PEP,D,20160302,000000,98.0100000,98.3600000,97.5400000,98.3100000,3273487
US1.PEP,D,20160303,000000,98.3500000,99.2300000,98.0200000,99.1350000,3861838
US1.PEP,D,20160304,000000,98.8100000,99.9600000,98.5700000,99.8800000,5380408
US1.PEP,D,20160307,000000,99.2500000,99.6000000,98.9701000,99.2700000,4934323
US1.PEP,D,20160308,000000,98.9700000,100.1199000,98.7450000,99.7400000,3853209
US1.PEP,D,20160309,000000,100.0000000,100.5800000,99.7400000,100.1800000,4066538
US1.PEP,D,20160310,000000,100.4500000,100.8800000,100.0200000,100.7800000,4836987
US1.PEP,D,20160311,000000,101.0000000,101.4100000,100.5900000,101.3300000,4618369
US1.PEP,D,20160314,000000,101.1300000,101.4500000,100.6200000,100.6400000,2491235
US1.PEP,D,20160315,000000,100.2700000,101.5700000,100.2500000,101.1500000,3150465
US1.PEP,D,20160316,000000,100.9400000,101.3400000,100.0100000,100.8500000,3325357
US1.PEP,D,20160317,000000,101.0000000,102.1200000,100.7900000,101.8700000,4416839
US1.PEP,D,20160318,000000,101.6700000,101.9400000,101.0100000,101.2300000,4697511
US1.PEP,D,20160321,000000,100.9100000,102.1200000,100.3200000,101.5500000,3492053
US1.PEP,D,20160322,000000,101.2800000,101.5100000,100.4300000,100.7700000,2186404
US1.PEP,D,20160323,000000,100.6900000,101.7626000,100.5300000,100.8200000,2554105
US1.PEP,D,20160324,000000,100.7000000,100.9200000,100.1500000,100.6700000,2003438
US1.PEP,D,20160328,000000,100.9600000,101.6100000,100.8200000,100.9300000,2749303
US1.PEP,D,20160329,000000,101.0500000,101.6400000,100.7600000,101.3600000,2657493
US1.PEP,D,20160330,000000,101.4600000,102.8900000,101.4100000,102.7200000,3292570
US1.PEP,D,20160331,000000,102.5400000,103.4500000,102.3000000,102.5000000,3827235
US1.PEP,D,20160401,000000,102.0100000,103.8900000,101.9450000,103.7900000,3017820
US1.PEP,D,20160404,000000,103.8000000,103.9500000,102.7700000,103.8100000,3208650
US1.PEP,D,20160405,000000,103.7400000,103.9300000,102.8700000,103.1100000,2670152
US1.PEP,D,20160406,000000,103.2500000,103.9900000,102.8700000,103.9500000,3442882
US1.PEP,D,20160407,000000,103.3400000,103.9700000,103.0300000,103.6100000,5410067
US1.PEP,D,20160408,000000,103.9900000,105.2500000,103.9000000,105.0800000,5422645
US1.PEP,D,20160411,000000,105.1600000,105.7700000,104.1600000,104.2700000,3574550
US1.PEP,D,20160412,000000,104.1700000,105.1200000,104.1200000,104.9100000,2961607
US1.PEP,D,20160413,000000,105.3400000,105.3500000,103.7600000,104.1100000,3026557
US1.PEP,D,20160414,000000,102.7300000,104.0880000,102.7100000,103.1700000,4225188
US1.PEP,D,20160415,000000,103.2400000,103.8100000,103.0100000,103.7700000,3703504
US1.PEP,D,20160418,000000,104.1600000,104.5900000,103.5000000,103.7000000,6486823
US1.PEP,D,20160419,000000,103.8100000,104.6100000,103.7600000,104.3200000,3695424
US1.PEP,D,20160420,000000,104.2300000,104.3500000,102.3900000,102.4500000,3866075
US1.PEP,D,20160421,000000,102.3400000,102.3400000,100.4200000,101.0200000,6123525
US1.PEP,D,20160422,000000,101.0900000,102.0600000,100.9400000,101.9900000,4005161
US1.PEP,D,20160425,000000,101.8000000,102.8301000,101.6100000,102.7900000,2654805
US1.PEP,D,20160426,000000,103.1800000,103.4000000,102.1900000,102.5700000,2558948
US1.PEP,D,20160427,000000,102.7200000,103.3600000,101.9100000,102.6400000,3078744
US1.PEP,D,20160428,000000,102.1700000,103.1500000,102.1600000,103.0100000,3676253
US1.PEP,D,20160429,000000,102.9300000,103.1700000,102.4000000,103.0100000,2768859
US1.PEP,D,20160502,000000,102.7400000,103.8700000,102.6400000,103.4300000,3259942
US1.PEP,D,20160503,000000,103.4100000,103.9300000,103.0000000,103.5600000,3245174
US1.PEP,D,20160504,000000,103.5100000,104.4399000,103.1300000,104.0200000,2999691
US1.PEP,D,20160505,000000,103.8700000,104.8800000,103.6000000,104.2500000,2711842
US1.PEP,D,20160506,000000,103.6800000,104.9700000,103.6800000,104.9700000,2764051
US1.PEP,D,20160509,000000,104.9200000,105.7300000,104.9100000,105.2700000,3162046
US1.PEP,D,20160510,000000,105.4300000,106.6300000,105.3300000,106.5800000,3084427
US1.PEP,D,20160511,000000,106.2600000,106.9400000,105.6300000,105.7300000,2684777
US1.PEP,D,20160512,000000,106.1300000,106.4000000,105.5800000,106.1400000,2401944
US1.PEP,D,20160513,000000,105.7500000,106.1000000,103.5400000,104.1900000,6564373
US1.PEP,D,20160516,000000,103.9800000,104.6500000,103.6300000,104.1300000,3427987
US1.PEP,D,20160517,000000,104.1700000,104.3800000,102.0100000,102.3600000,4152250
US1.PEP,D,20160518,000000,101.9500000,102.0000000,100.2700000,100.8700000,5949657
US1.PEP,D,20160519,000000,100.7500000,101.4400000,100.3000000,101.3300000,3997502
US1.PEP,D,20160520,000000,101.7200000,101.7900000,100.0000000,100.1000000,4463906
US1.PEP,D,20160523,000000,100.1200000,100.7700000,100.0000000,100.4500000,3143598
US1.PEP,D,20160524,000000,100.9100000,101.3799000,100.6900000,101.0750000,2571133
US1.PEP,D,20160525,000000,101.1700000,101.6000000,100.9600000,101.0800000,2522849
US1.PEP,D,20160526,000000,101.2000000,101.9600000,101.0100000,101.9000000,2865054
US1.PEP,D,20160527,000000,102.1300000,102.3800000,101.6000000,101.9100000,2140763
US1.PEP,D,20160531,000000,102.1400000,102.3699000,100.8200000,101.1900000,3974403
US1.PEP,D,20160601,000000,100.5600000,101.6000000,100.3000000,101.5500000,3300963
US1.PEP,D,20160602,000000,101.3300000,102.0100000,101.1700000,102.0000000,2886265
US1.PEP,D,20160603,000000,101.9200000,102.8300000,101.9200000,102.5300000,3522660
US1.PEP,D,20160606,000000,102.5400000,103.0600000,102.2300000,102.6900000,2354176
US1.PEP,D,20160607,000000,102.8200000,103.1800000,102.2800000,102.4800000,2067233
US1.PEP,D,20160608,000000,102.3600000,103.3500000,102.1700000,103.1800000,2116298
US1.PEP,D,20160609,000000,102.9000000,103.8200000,102.5400000,103.6800000,2646744
US1.PEP,D,20160610,000000,103.2500000,103.4900000,102.7800000,103.3200000,2503855
US1.PEP,D,20160613,000000,103.2400000,103.6899000,102.9800000,103.0600000,3308331
US1.PEP,D,20160614,000000,102.6500000,103.2900000,101.7400000,103.2100000,3314300
US1.PEP,D,20160615,000000,103.2700000,103.5700000,102.7528000,102.8800000,2503622
US1.PEP,D,20160616,000000,102.5100000,103.9300000,102.5100000,103.8600000,2699133
US1.PEP,D,20160617,000000,103.5900000,103.8600000,102.4000000,103.3900000,3810679
US1.PEP,D,20160620,000000,104.0700000,104.6800000,103.3500000,103.3900000,2798784
US1.PEP,D,20160621,000000,103.8100000,104.4100000,103.7600000,104.0700000,2289594
US1.PEP,D,20160622,000000,104.1700000,104.4900000,103.6300000,103.7300000,2516767
US1.PEP,D,20160623,000000,104.2200000,104.5000000,103.9100000,104.4200000,2475149
US1.PEP,D,20160624,000000,102.4900000,103.4500000,101.8000000,102.0200000,5564122
US1.PEP,D,20160627,000000,101.7700000,102.3400000,101.3000000,102.1200000,5123888
US1.PEP,D,20160628,000000,102.4000000,102.4000000,101.4960000,102.1400000,4147270
US1.PEP,D,20160629,000000,102.8200000,103.3300000,102.4600000,103.1100000,3777718
US1.PEP,D,20160630,000000,103.4700000,106.0000000,103.4700000,105.9500000,5694192
US1.PEP,D,20160701,000000,106.2300000,106.4000000,105.3775000,105.5800000,3195478
US1.PEP,D,20160705,000000,105.6700000,106.9800000,105.6300000,106.3700000,4044827
US1.PEP,D,20160706,000000,106.5900000,106.7300000,105.6300000,105.9800000,4612535
US1.PEP,D,20160707,000000,108.5300000,109.0000000,107.0700000,107.5100000,8226458
US1.PEP,D,20160708,000000,108.0400000,108.5000000,107.3200000,108.2700000,5010455
US1.PEP,D,20160711,000000,108.1600000,109.1298000,107.7700000,108.9200000,5494129
US1.PEP,D,20160712,000000,108.5200000,109.1100000,108.3700000,108.7800000,3404246
US1.PEP,D,20160713,000000,109.0700000,110.0600000,108.8900000,109.9300000,4087001
US1.PEP,D,20160714,000000,109.8300000,110.9400000,109.7600000,109.9300000,3656622
US1.PEP,D,20160715,000000,109.7700000,110.4900000,108.9700000,109.6200000,3876559
US1.PEP,D,20160718,000000,109.6600000,109.7000000,108.8400000,109.2400000,2892419
US1.PEP,D,20160719,000000,108.8600000,109.5600000,108.7100000,109.5100000,3193959
US1.PEP,D,20160720,000000,109.8600000,109.9100000,108.6800000,108.9300000,2399417
US1.PEP,D,20160721,000000,108.5800000,108.8700000,108.1100000,108.5700000,2091121
US1.PEP,D,20160722,000000,108.7800000,109.4100000,108.7800000,109.1800000,1912303
US1.PEP,D,20160725,000000,109.2400000,109.2800000,108.3800000,109.0050000,1983954
US1.PEP,D,20160726,000000,109.0000000,109.2300000,108.0301000,108.1900000,2679464
US1.PEP,D,20160727,000000,107.8900000,108.0400000,106.6900000,107.4900000,3919868
US1.PEP,D,20160728,000000,107.5500000,108.3800000,107.1700000,108.1500000,2667137
US1.PEP,D,20160729,000000,108.2600000,109.1100000,108.1210000,108.9000000,2625546
US1.PEP,D,20160801,000000,108.7200000,109.0900000,108.3400000,108.9300000,2887227
US1.PEP,D,20160802,000000,109.2500000,109.2500000,108.2800000,108.7300000,2785668
US1.PEP,D,20160803,000000,108.8600000,108.9800000,107.6750000,108.0000000,2731351
US1.PEP,D,20160804,000000,108.1700000,108.5500000,107.9800000,108.4500000,2459215
US1.PEP,D,20160805,000000,108.7400000,109.3560000,108.3700000,108.6500000,2296772
US1.PEP,D,20160808,000000,108.4200000,108.6200000,107.6710000,108.1300000,2331575
US1.PEP,D,20160809,000000,108.2500000,108.7500000,108.0600000,108.3000000,1867323
US1.PEP,D,20160810,000000,108.4500000,108.9600000,108.4500000,108.8300000,1666745
US1.PEP,D,20160811,000000,109.0100000,109.1800000,108.4500000,108.4700000,2151879
US1.PEP,D,20160812,000000,108.6400000,108.9400000,108.3700000,108.5800000,1928521
US1.PEP,D,20160815,000000,108.7100000,108.9900000,108.6400000,108.7100000,1760448
US1.PEP,D,20160816,000000,108.4200000,108.6900000,107.9100000,107.9900000,1903795
US1.PEP,D,20160817,000000,107.9500000,108.5300000,107.6000000,108.4300000,2322694
US1.PEP,D,20160818,000000,108.4100000,108.8200000,108.2000000,108.2800000,1712029
US1.PEP,D,20160819,000000,108.0400000,108.2600000,107.5400000,108.1700000,2147049
US1.PEP,D,20160822,000000,108.0800000,108.2100000,107.7650000,107.9800000,1532064
US1.PEP,D,20160823,000000,108.0500000,108.5500000,107.7000000,107.8700000,1768879
US1.PEP,D,20160824,000000,107.8700000,108.2900000,107.5500000,108.1700000,2139089
US1.PEP,D,20160825,000000,108.0900000,108.3800000,107.7900000,107.8900000,1612465
US1.PEP,D,20160826,000000,107.9200000,108.5000000,107.3300000,107.4600000,2234814
US1.PEP,D,20160829,000000,107.5000000,108.0100000,107.4000000,108.0000000,1941117
US1.PEP,D,20160830,000000,107.9200000,108.0600000,107.0300000,107.2400000,2559338
US1.PEP,D,20160831,000000,106.3400000,106.8800000,106.2611000,106.7200000,2727683
US1.PEP,D,20160901,000000,106.4600000,107.3400000,106.2900000,107.2800000,3138481
US1.PEP,D,20160902,000000,107.5800000,108.2500000,107.5000000,107.8800000,2816873
US1.PEP,D,20160906,000000,107.7900000,108.1200000,107.3950000,107.9300000,1795185
US1.PEP,D,20160907,000000,107.7600000,107.9700000,106.7800000,107.2000000,2495642
US1.PEP,D,20160908,000000,107.1000000,107.3350000,106.4900000,106.8700000,2542960
US1.PEP,D,20160909,000000,106.4200000,106.4200000,104.0500000,104.0700000,4339633
US1.PEP,D,20160912,000000,104.3000000,106.2200000,104.3000000,106.0200000,3339841
US1.PEP,D,20160913,000000,105.9400000,106.0200000,104.2900000,104.5900000,3630283
US1.PEP,D,20160914,000000,104.8200000,105.6400000,104.6000000,105.0400000,3098166
US1.PEP,D,20160915,000000,104.9900000,105.7200000,104.7000000,105.5100000,2549149
US1.PEP,D,20160916,000000,105.0000000,105.5000000,104.5800000,105.2800000,3714436
US1.PEP,D,20160919,000000,105.2100000,106.1200000,104.9200000,105.6800000,2375320
US1.PEP,D,20160920,000000,106.1000000,106.7100000,105.9600000,106.3000000,2742877
US1.PEP,D,20160921,000000,106.1600000,107.3700000,105.8790000,107.1400000,2756170
US1.PEP,D,20160922,000000,107.4900000,107.9400000,107.3100000,107.7600000,2679335
US1.PEP,D,20160923,000000,107.6800000,107.9900000,107.0400000,107.3600000,2407122
US1.PEP,D,20160926,000000,107.2400000,107.3800000,106.8700000,107.0800000,3417525
US1.PEP,D,20160927,000000,107.3400000,107.8700000,106.7300000,107.4700000,2983863
US1.PEP,D,20160928,000000,107.9100000,107.9100000,106.8600000,107.3500000,3959817
US1.PEP,D,20160929,000000,109.4950000,109.7100000,107.7100000,107.7700000,6016950
US1.PEP,D,20160930,000000,108.5600000,109.2400000,108.3700000,108.7700000,5308440
US1.PEP,D,20161003,000000,108.7700000,108.8300000,107.4700000,108.2400000,3609641
US1.PEP,D,20161004,000000,108.4800000,108.4800000,106.5800000,107.1000000,4515717
US1.PEP,D,20161005,000000,107.2400000,107.4900000,105.6900000,106.0000000,4983279
US1.PEP,D,20161006,000000,105.7300000,106.5300000,105.4600000,106.3900000,3926514
US1.PEP,D,20161007,000000,106.7600000,106.9200000,105.6500000,106.0000000,3226212
US1.PEP,D,20161010,000000,106.4500000,106.6200000,105.8200000,106.2300000,2111274
US1.PEP,D,20161011,000000,106.0500000,106.2100000,105.0000000,105.5700000,2927287
US1.PEP,D,20161012,000000,105.8700000,106.1600000,105.4950000,106.0500000,2665134
US1.PEP,D,20161013,000000,105.8500000,106.1700000,105.2900000,105.9300000,2762443
US1.PEP,D,20161014,000000,106.0700000,107.0600000,105.7800000,106.8400000,3860308
US1.PEP,D,20161017,000000,106.8300000,107.0700000,106.5600000,106.8500000,3164742
US1.PEP,D,20161018,000000,107.4500000,108.1800000,106.9400000,106.9500000,3179450
US1.PEP,D,20161019,000000,106.8100000,107.0100000,106.0800000,106.2900000,2885108
US1.PEP,D,20161020,000000,106.1100000,106.3200000,105.5800000,105.8500000,2728619
US1.PEP,D,20161021,000000,106.0100000,106.0100000,105.2700000,105.6200000,2687356
US1.PEP,D,20161024,000000,106.1200000,107.9000000,106.1200000,107.3100000,3725969
US1.PEP,D,20161025,000000,107.3900000,107.6300000,106.8100000,107.2400000,2702988
US1.PEP,D,20161026,000000,107.4900000,107.9500000,106.9500000,107.0800000,2684707
US1.PEP,D,20161027,000000,107.1900000,107.5400000,106.3000000,106.6400000,2575135
US1.PEP,D,20161028,000000,106.9000000,107.5300000,106.5200000,107.0800000,2294814
US1.PEP,D,20161031,000000,107.0300000,107.4299000,106.9200000,107.2100000,1866727
US1.PEP,D,20161101,000000,107.1400000,107.3000000,106.1200000,106.7000000,3287199
US1.PEP,D,20161102,000000,106.6800000,107.4400000,106.6100000,106.7100000,2863931
US1.PEP,D,20161103,000000,107.0700000,107.1400000,106.5200000,106.6400000,2674664
US1.PEP,D,20161104,000000,106.5600000,106.9700000,105.8100000,105.8200000,1937931
US1.PEP,D,20161107,000000,106.6600000,107.2000000,106.3800000,106.9600000,3802471
US1.PEP,D,20161108,000000,106.9700000,108.9300000,106.9700000,108.7200000,3563287
US1.PEP,D,20161109,000000,106.4500000,107.3500000,105.0000000,107.2500000,5009313
US1.PEP,D,20161110,000000,106.8900000,106.8900000,102.4000000,103.2600000,7510888
US1.PEP,D,20161111,000000,103.0200000,103.7700000,102.5700000,103.1400000,4520077
US1.PEP,D,20161114,000000,102.8600000,103.3400000,100.4500000,101.3900000,5815991
US1.PEP,D,20161115,000000,101.4000000,102.0500000,100.8200000,101.8600000,4262657
US1.PEP,D,20161116,000000,102.3600000,102.9000000,101.4700000,101.7300000,3165872
US1.PEP,D,20161117,000000,101.8100000,101.9300000,101.1750000,101.6200000,3233185
US1.PEP,D,20161118,000000,101.4000000,101.8000000,101.1750000,101.3200000,3737324
US1.PEP,D,20161121,000000,101.4800000,102.3200000,101.4800000,102.2800000,2574815
US1.PEP,D,20161122,000000,102.5300000,103.0000000,102.4400000,102.8600000,3290480
US1.PEP,D,20161123,000000,102.5200000,102.8900000,101.4600000,101.5200000,3737446
US1.PEP,D,20161125,000000,102.0000000,102.9099000,101.7400000,101.9200000,2667594
US1.PEP,D,20161128,000000,102.2700000,103.2500000,101.9000000,102.8259000,4411962
US1.PEP,D,20161129,000000,102.7900000,103.0500000,102.3000000,102.5600000,2854598
US1.PEP,D,20161130,000000,101.5100000,101.9200000,100.1500000,100.1500000,4746652
US1.PEP,D,20161201,000000,100.0000000,100.0500000,98.5000000,99.0500000,5848572
US1.PEP,D,20161202,000000,99.3600000,100.6400000,99.3600000,100.6000000,3405963
US1.PEP,D,20161205,000000,100.6200000,100.9100000,100.1200000,100.7000000,2690763
US1.PEP,D,20161206,000000,101.0800000,101.6100000,100.8050000,101.5600000,3733626
US1.PEP,D,20161207,000000,101.1600000,102.9300000,101.1600000,102.7950000,3341432
US1.PEP,D,20161208,000000,102.1400000,102.6100000,102.0000000,102.1300000,2884871
US1.PEP,D,20161209,000000,102.2300000,104.0450000,102.0450000,103.5800000,3918079
US1.PEP,D,20161212,000000,103.8200000,104.8700000,103.6700000,104.7200000,3731558
US1.PEP,D,20161213,000000,104.8100000,106.0100000,104.6800000,105.6400000,3365746
US1.PEP,D,20161214,000000,105.8800000,106.5300000,104.2100000,104.4900000,3727554
US1.PEP,D,20161215,000000,104.2300000,105.5700000,104.2300000,105.2900000,3187911
US1.PEP,D,20161216,000000,105.5500000,105.9200000,105.1300000,105.8400000,3448746
US1.PEP,D,20161219,000000,105.4600000,105.8700000,105.1300000,105.4000000,2689233
US1.PEP,D,20161220,000000,104.8900000,105.0400000,104.3700000,104.9000000,3810383
US1.PEP,D,20161221,000000,104.8200000,105.6900000,104.6900000,104.7100000,2433289
US1.PEP,D,20161222,000000,104.5500000,105.4500000,104.2510000,105.3500000,1845391
US1.PEP,D,20161223,000000,104.9700000,105.2500000,104.6300000,105.0700000,1269526
US1.PEP,D,20161227,000000,105.1100000,105.3200000,104.9900000,105.1200000,1004952
US1.PEP,D,20161228,000000,104.8700000,105.1000000,104.5200000,104.6200000,1312945
US1.PEP,D,20161229,000000,104.5000000,105.1000000,104.4800000,105.0000000,1852990
US1.PEP,D,20161230,000000,104.7100000,105.1500000,104.3300000,104.6800000,2080573
US1.PEP,D,20170103,000000,104.9400000,105.0900000,104.2100000,104.6400000,2833964
US1.PEP,D,20170104,000000,105.1100000,105.6300000,104.7900000,104.8600000,2254406
US1.PEP,D,20170105,000000,104.5200000,105.1200000,104.1901000,104.6900000,2854568
US1.PEP,D,20170106,000000,104.9800000,105.1600000,104.1200000,104.5700000,3231479
US1.PEP,D,20170109,000000,104.1600000,104.2550000,103.2500000,103.4600000,3864034
US1.PEP,D,20170110,000000,103.3200000,103.3200000,101.7500000,102.0000000,3854091
US1.PEP,D,20170111,000000,101.8400000,102.3600000,101.4100000,101.8200000,3826658
US1.PEP,D,20170112,000000,101.6100000,102.5200000,101.5800000,101.8400000,2418370
US1.PEP,D,20170113,000000,101.8800000,102.1100000,101.2200000,101.5500000,2589816
US1.PEP,D,20170117,000000,101.0700000,102.3200000,101.0600000,102.1700000,2624999
US1.PEP,D,20170118,000000,102.4000000,103.0000000,102.3200000,102.7400000,3338226
US1.PEP,D,20170119,000000,102.2900000,103.0000000,102.1700000,102.3501000,3073564
US1.PEP,D,20170120,000000,102.7900000,103.3200000,102.4401000,103.2400000,3209905
US1.PEP,D,20170123,000000,102.9000000,104.2200000,102.8300000,104.0200000,3532178
US1.PEP,D,20170124,000000,104.0000000,104.9300000,103.7800000,104.7000000,4128100
US1.PEP,D,20170125,000000,104.7100000,105.1900000,104.5400000,104.6300000,2183785
US1.PEP,D,20170126,000000,104.5100000,104.7300000,104.0700000,104.1400000,2889534
US1.PEP,D,20170127,000000,104.3800000,104.4100000,103.4300000,103.4700000,3118168
US1.PEP,D,20170130,000000,103.0100000,103.7200000,103.0000000,103.6800000,2666366
US1.PEP,D,20170131,000000,103.2100000,104.1700000,103.2100000,103.7900000,2727490
US1.PEP,D,20170201,000000,103.6100000,103.7800000,102.9800000,103.0200000,2678809
US1.PEP,D,20170202,000000,103.6600000,104.3900000,103.2900000,104.0400000,2441029
US1.PEP,D,20170203,000000,104.4400000,105.7650000,104.0600000,105.1000000,3358609
US1.PEP,D,20170206,000000,105.0200000,105.2400000,104.5300000,104.5800000,3051271
US1.PEP,D,20170207,000000,104.6300000,105.9000000,104.6300000,105.5800000,2746750
US1.PEP,D,20170208,000000,105.5000000,106.2300000,105.2500000,105.7100000,2631006
US1.PEP,D,20170209,000000,105.4200000,106.4900000,105.0200000,105.9700000,3266983
US1.PEP,D,20170210,000000,105.8300000,106.3450000,105.5868000,106.1200000,1790032
US1.PEP,D,20170213,000000,106.4500000,106.6900000,105.8800000,106.5300000,2149039
US1.PEP,D,20170214,000000,106.1700000,107.0000000,105.6700000,106.9100000,4806856
US1.PEP,D,20170215,000000,105.3500000,107.2500000,104.7700000,106.7000000,6350872
US1.PEP,D,20170216,000000,107.1500000,108.1800000,106.3200000,108.1000000,4383502
US1.PEP,D,20170217,000000,107.2900000,108.3000000,107.2100000,108.1050000,4432073
US1.PEP,D,20170221,000000,108.0400000,109.5000000,107.9500000,109.3200000,4080962
US1.PEP,D,20170222,000000,109.3700000,109.7800000,109.1650000,109.4100000,2859978
US1.PEP,D,20170223,000000,109.1200000,110.0000000,109.1200000,109.5600000,2473768
US1.PEP,D,20170224,000000,109.5200000,109.9200000,109.3300000,109.8300000,3005211
US1.PEP,D,20170227,000000,109.6900000,109.8800000,109.2300000,109.2800000,2314427
US1.PEP,D,20170228,000000,109.0500000,110.6000000,109.0500000,110.3900000,3234526
US1.PEP,D,20170301,000000,109.6000000,110.3200000,109.1700000,109.7300000,3586997
US1.PEP,D,20170302,000000,109.8100000,110.3200000,109.4300000,110.1000000,2795367
US1.PEP,D,20170303,000000,110.1000000,110.6700000,109.6500000,110.5600000,3315717
US1.PEP,D,20170306,000000,109.8000000,110.1900000,109.4300000,109.6200000,3007423
US1.PEP,D,20170307,000000,109.1600000,109.7700000,109.0000000,109.3100000,3200644
US1.PEP,D,20170308,000000,109.1700000,109.3300000,108.4700000,109.2950000,3135191
US1.PEP,D,20170309,000000,109.5600000,109.6100000,108.9100000,109.0200000,3022145
US1.PEP,D,20170310,000000,109.5800000,109.7100000,109.2800000,109.6400000,2476247
US1.PEP,D,20170313,000000,109.3200000,109.7951000,109.0300000,109.4100000,2020005
US1.PEP,D,20170314,000000,109.2800000,109.7300000,109.1200000,109.3200000,2320948
US1.PEP,D,20170315,000000,109.5600000,111.2300000,109.5000000,111.0400000,3499055
US1.PEP,D,20170316,000000,111.0900000,111.2000000,110.5300000,111.1400000,3405116
US1.PEP,D,20170317,000000,111.4790000,111.5200000,110.9300000,111.1300000,3668925
US1.PEP,D,20170320,000000,111.1500000,111.4400000,110.8100000,111.1500000,2646328
US1.PEP,D,20170321,000000,111.5400000,112.3100000,111.4700000,111.7900000,4307726
US1.PEP,D,20170322,000000,111.8400000,112.3800000,111.5700000,112.0100000,3053418
US1.PEP,D,20170323,000000,111.9500000,112.3300000,111.6700000,111.8100000,2434865
US1.PEP,D,20170324,000000,111.9800000,112.2450000,111.7900000,112.1600000,2719363
US1.PEP,D,20170327,000000,111.8700000,112.2900000,111.5700000,111.8500000,2441526
US1.PEP,D,20170328,000000,111.8100000,112.7600000,111.6400000,112.4500000,3051575
US1.PEP,D,20170329,000000,112.1900000,112.5350000,111.9700000,112.4200000,2062536
US1.PEP,D,20170330,000000,112.2900000,112.5500000,112.0000000,112.1800000,1631750
US1.PEP,D,20170331,000000,112.3100000,112.4700000,111.8300000,111.8550000,2554897
US1.PEP,D,20170403,000000,111.9500000,112.3600000,111.4599000,111.8600000,2724824
US1.PEP,D,20170404,000000,112.0000000,112.2200000,111.6300000,112.0700000,1760097
US1.PEP,D,20170405,000000,112.0400000,112.5900000,111.6900000,111.9400000,2324372
US1.PEP,D,20170406,000000,112.1200000,112.2800000,111.4200000,111.5800000,2009162
US1.PEP,D,20170407,000000,111.7000000,111.9600000,111.4409000,111.6200000,2140172
US1.PEP,D,20170410,000000,111.7000000,112.1450000,111.4101000,112.0200000,2061431
US1.PEP,D,20170411,000000,111.7100000,112.0800000,111.3500000,111.7300000,2263760
US1.PEP,D,20170412,000000,112.0500000,113.7650000,111.9000000,113.6000000,5221214
US1.PEP,D,20170413,000000,113.2500000,113.3800000,112.6500000,112.7000000,2615673
US1.PEP,D,20170417,000000,112.7400000,113.3200000,112.6800000,113.3200000,2078735
US1.PEP,D,20170418,000000,113.4400000,114.6050000,113.4047000,114.3200000,2892132
US1.PEP,D,20170419,000000,114.4200000,114.4900000,113.4800000,113.6200000,2097330
US1.PEP,D,20170420,000000,113.5200000,113.9700000,113.3900000,113.5900000,2123556
US1.PEP,D,20170421,000000,113.5500000,113.8000000,113.2700000,113.4600000,2961600
US1.PEP,D,20170424,000000,114.1900000,114.4800000,113.9100000,114.3000000,2299471
US1.PEP,D,20170425,000000,114.2100000,114.5700000,114.0000000,114.1600000,2825432
US1.PEP,D,20170426,000000,111.7500000,113.7600000,111.3400000,113.3400000,4261192
US1.PEP,D,20170427,000000,113.1000000,113.4400000,112.5100000,112.6600000,3313531
US1.PEP,D,20170428,000000,112.3400000,113.4300000,112.1908000,113.2600000,3512845
US1.PEP,D,20170501,000000,112.9300000,113.1100000,112.2700000,112.3200000,3229355
US1.PEP,D,20170502,000000,112.7500000,112.8900000,112.0700000,112.2100000,2335237
US1.PEP,D,20170503,000000,112.3900000,112.7100000,111.7023000,111.7900000,2589099
US1.PEP,D,20170504,000000,112.1700000,113.0000000,111.8100000,112.9500000,2717772
US1.PEP,D,20170505,000000,113.0400000,113.2800000,112.7375000,113.2600000,2384882
US1.PEP,D,20170508,000000,113.2000000,113.4300000,112.7800000,113.2100000,2063299
US1.PEP,D,20170509,000000,113.2400000,113.4100000,112.5500000,112.6900000,2023046
US1.PEP,D,20170510,000000,112.7000000,112.8700000,112.4800000,112.8100000,1591558
US1.PEP,D,20170511,000000,112.7900000,113.0900000,112.5300000,113.0400000,1662410
US1.PEP,D,20170512,000000,112.9300000,113.3000000,112.7200000,112.9000000,1720291
US1.PEP,D,20170515,000000,112.9000000,114.0000000,112.7700000,113.9600000,2231066
US1.PEP,D,20170516,000000,114.0600000,114.6600000,113.5900000,113.7700000,1810759
US1.PEP,D,20170517,000000,113.4600000,114.2900000,113.3200000,113.7500000,2161539
US1.PEP,D,20170518,000000,113.7800000,114.2800000,113.2880000,114.0300000,2556645
US1.PEP,D,20170519,000000,114.1700000,114.5000000,113.4550000,113.6700000,4679936
US1.PEP,D,20170522,000000,113.6900000,115.0000000,113.6900000,114.7400000,2253834
US1.PEP,D,20170523,000000,114.7100000,115.4400000,114.7100000,115.0700000,2284186
US1.PEP,D,20170524,000000,115.3100000,116.3300000,115.1200000,116.0700000,2106854
US1.PEP,D,20170525,000000,116.3600000,117.6800000,116.1500000,117.4800000,2684685
US1.PEP,D,20170526,000000,117.2500000,118.0045000,117.2000000,117.8900000,2404950
US1.PEP,D,20170530,000000,117.7400000,118.1200000,117.5000000,118.0300000,2475181
US1.PEP,D,20170531,000000,116.9100000,117.9400000,116.8700000,116.9100000,2828266
US1.PEP,D,20170601,000000,117.0200000,117.2600000,116.0600000,117.2200000,2932862
US1.PEP,D,20170602,000000,117.4600000,117.7000000,117.0400000,117.6000000,2159312
US1.PEP,D,20170605,000000,117.3900000,117.9700000,117.0500000,117.8900000,1604733
US1.PEP,D,20170606,000000,117.7800000,117.9400000,117.4600000,117.6900000,1684734
US1.PEP,D,20170607,000000,117.1700000,117.5700000,116.8200000,117.0400000,2678881
US1.PEP,D,20170608,000000,116.8600000,117.0800000,115.5900000,115.8900000,2799883
US1.PEP,D,20170609,000000,115.6600000,116.1300000,115.3600000,115.9200000,2308189
US1.PEP,D,20170612,000000,116.2300000,116.6200000,115.9200000,116.2300000,2520834
US1.PEP,D,20170613,000000,115.4700000,116.5900000,115.4700000,116.3200000,2064850
US1.PEP,D,20170614,000000,116.9100000,118.0600000,116.8300000,117.3700000,2534645
US1.PEP,D,20170615,000000,117.0000000,117.4800000,116.5100000,117.2300000,2645071
US1.PEP,D,20170616,000000,117.3690000,117.4000000,116.3000000,116.8500000,2909558
US1.PEP,D,20170619,000000,117.0200000,117.2900000,116.2300000,117.2700000,1748284
US1.PEP,D,20170620,000000,117.2900000,118.1353000,117.1800000,117.9300000,2613473
US1.PEP,D,20170621,000000,117.7800000,118.2400000,117.2400000,117.4400000,2832062
US1.PEP,D,20170622,000000,117.3300000,117.4100000,116.0500000,116.1500000,2251113
US1.PEP,D,20170623,000000,116.2100000,117.3700000,116.0900000,116.9600000,2015896
US1.PEP,D,20170626,000000,117.4200000,117.8300000,117.0600000,117.0800000,2051610
US1.PEP,D,20170627,000000,117.2600000,117.3800000,115.9500000,115.9700000,2137942
US1.PEP,D,20170628,000000,116.5200000,116.8700000,116.2000000,116.3200000,2360362
US1.PEP,D,20170629,000000,116.0700000,116.2000000,114.8901000,115.2200000,2561631
US1.PEP,D,20170630,000000,115.5300000,116.1134000,115.3000000,115.5000000,2091933
US1.PEP,D,20170703,000000,115.5500000,116.0000000,115.3400000,115.4400000,1970103
US1.PEP,D,20170705,000000,115.5000000,115.5500000,114.8800000,115.2600000,2252357
US1.PEP,D,20170706,000000,114.9700000,115.4200000,114.8500000,115.2000000,2487773
US1.PEP,D,20170707,000000,115.4100000,115.6599000,114.8300000,115.4200000,2725672
US1.PEP,D,20170710,000000,115.8500000,116.0000000,114.2000000,114.2700000,4854263
US1.PEP,D,20170711,000000,113.3400000,113.9800000,112.2500000,113.7000000,4594597
US1.PEP,D,20170712,000000,114.5400000,114.9800000,114.2800000,114.8090000,2945173
US1.PEP,D,20170713,000000,114.9500000,115.0400000,113.9200000,113.9700000,2151017
US1.PEP,D,20170714,000000,114.2600000,115.1150000,114.2500000,114.9300000,2077476
US1.PEP,D,20170717,000000,114.9400000,115.1600000,114.8383000,114.9500000,1598808
US1.PEP,D,20170718,000000,114.8500000,115.1500000,114.3900000,114.9850000,1772159
US1.PEP,D,20170719,000000,115.0100000,115.3500000,114.6300000,115.3200000,1776270
US1.PEP,D,20170720,000000,115.3400000,116.0550000,115.1100000,115.5800000,2306949
US1.PEP,D,20170721,000000,115.7800000,116.6700000,115.3800000,116.5900000,2655978
US1.PEP,D,20170724,000000,116.5000000,116.6700000,116.0900000,116.1800000,2524562
US1.PEP,D,20170725,000000,116.6300000,116.7800000,116.1400000,116.4600000,2097777
US1.PEP,D,20170726,000000,116.3000000,117.4200000,116.1500000,117.1600000,2211297
US1.PEP,D,20170727,000000,117.3300000,118.0600000,116.6200000,117.3600000,2173328
US1.PEP,D,20170728,000000,117.3100000,117.4700000,116.2000000,116.6100000,2430431
US1.PEP,D,20170731,000000,116.5300000,116.8600000,116.1800000,116.6200000,1961834
US1.PEP,D,20170801,000000,116.6900000,116.7800000,115.9000000,115.9120000,2012236
US1.PEP,D,20170802,000000,115.7300000,115.9790000,115.1400000,115.5900000,1882340
US1.PEP,D,20170803,000000,115.7300000,116.6600000,115.6800000,116.3100000,2162446
US1.PEP,D,20170804,000000,116.3200000,116.4900000,115.8650000,116.3300000,1712063
US1.PEP,D,20170807,000000,116.4500000,117.2200000,116.3800000,116.9400000,1794899
US1.PEP,D,20170808,000000,116.8000000,116.9500000,116.3700000,116.7100000,1450060
US1.PEP,D,20170809,000000,116.4900000,116.7000000,115.9600000,116.6200000,1676145
US1.PEP,D,20170810,000000,116.3500000,116.8400000,116.0800000,116.4000000,1464666
US1.PEP,D,20170811,000000,116.7500000,117.2500000,116.3500000,116.4800000,1560090
US1.PEP,D,20170814,000000,117.3600000,118.1800000,117.0140000,117.7700000,2258919
US1.PEP,D,20170815,000000,117.8800000,119.1500000,117.8500000,118.9800000,1979952
US1.PEP,D,20170816,000000,118.9600000,119.3645000,118.8200000,119.0900000,1737896
US1.PEP,D,20170817,000000,119.0000000,119.3900000,118.2500000,118.3800000,1970665
US1.PEP,D,20170818,000000,118.2900000,118.4300000,117.4000000,117.6000000,2842241
US1.PEP,D,20170821,000000,117.8000000,118.4600000,117.5450000,118.2500000,1359488
US1.PEP,D,20170822,000000,118.2800000,118.7000000,117.6500000,117.9200000,1670663
US1.PEP,D,20170823,000000,117.9000000,118.1200000,117.2300000,117.2700000,2022564
US1.PEP,D,20170824,000000,117.2600000,117.3000000,116.0300000,116.2000000,3861747
US1.PEP,D,20170825,000000,116.7400000,116.9000000,115.8000000,115.8700000,2687496
US1.PEP,D,20170828,000000,116.1200000,116.2900000,115.0800000,115.5200000,1951259
US1.PEP,D,20170829,000000,115.5500000,116.1000000,115.5100000,115.8600000,1713554
US1.PEP,D,20170830,000000,115.1300000,115.4200000,114.9100000,115.1400000,1775378
US1.PEP,D,20170831,000000,115.3100000,115.8400000,114.9300000,115.6800000,3015665
US1.PEP,D,20170901,000000,115.3800000,116.0925000,115.1500000,115.8000000,1832350
US1.PEP,D,20170905,000000,115.9500000,116.0600000,115.4100000,115.8700000,1948641
US1.PEP,D,20170906,000000,116.1700000,116.4700000,115.6400000,116.3300000,1776413
US1.PEP,D,20170907,000000,116.6500000,117.2900000,116.3900000,117.0100000,1827927
US1.PEP,D,20170908,000000,116.3100000,116.4800000,114.5700000,114.9900000,3458711
US1.PEP,D,20170911,000000,115.0800000,115.8900000,114.7600000,115.6900000,1856471
US1.PEP,D,20170912,000000,115.6900000,115.9500000,114.8600000,115.0000000,2315977
US1.PEP,D,20170913,000000,114.8700000,115.1700000,114.0000000,114.4100000,4200522
US1.PEP,D,20170914,000000,114.4400000,114.5500000,113.7000000,114.2000000,2501889
US1.PEP,D,20170915,000000,114.7400000,114.9800000,114.1100000,114.8400000,3764553
US1.PEP,D,20170918,000000,115.1700000,115.2300000,114.6800000,115.0400000,1606905
US1.PEP,D,20170919,000000,115.0600000,115.1200000,114.3600000,114.4800000,1872164
US1.PEP,D,20170920,000000,114.3400000,114.6500000,112.7350000,113.5800000,2481795
US1.PEP,D,20170921,000000,113.2100000,113.8200000,112.5400000,112.7900000,2530172
US1.PEP,D,20170922,000000,112.5600000,112.8700000,111.8100000,111.8300000,2678174
US1.PEP,D,20170925,000000,112.0400000,112.1400000,111.4200000,111.9400000,2908322
US1.PEP,D,20170926,000000,112.2300000,112.3000000,111.7300000,111.8200000,2144954
US1.PEP,D,20170927,000000,111.7200000,111.8750000,110.3400000,111.1000000,2959416
US1.PEP,D,20170928,000000,111.3700000,112.7300000,111.1900000,111.8100000,5874503
US1.PEP,D,20170929,000000,111.8700000,112.0300000,111.2100000,111.4000000,3678541
US1.PEP,D,20171002,000000,109.9100000,110.5200000,108.9600000,109.1400000,6751190
US1.PEP,D,20171003,000000,109.4200000,109.6500000,108.8900000,109.1500000,4272419
US1.PEP,D,20171004,000000,106.9400000,110.1600000,106.1900000,109.3300000,7270007
US1.PEP,D,20171005,000000,109.6600000,110.9900000,109.5500000,110.4400000,4326148
US1.PEP,D,20171006,000000,110.1700000,110.6700000,109.9200000,110.4000000,2112340
US1.PEP,D,20171009,000000,110.5900000,110.9300000,109.7900000,109.9800000,1470669
US1.PEP,D,20171010,000000,110.2800000,110.8600000,110.2800000,110.8050000,2227644
US1.PEP,D,20171011,000000,110.9000000,111.8100000,110.7700000,111.5000000,2827005
US1.PEP,D,20171012,000000,111.5100000,112.5100000,111.3800000,112.4400000,2367247
US1.PEP,D,20171013,000000,112.7300000,112.9800000,112.1800000,112.6500000,1898243
US1.PEP,D,20171016,000000,112.9300000,113.6300000,112.6900000,113.5600000,1861699
US1.PEP,D,20171017,000000,113.2200000,113.5600000,111.6600000,112.1900000,2985285
US1.PEP,D,20171018,000000,111.9500000,112.4400000,111.7800000,111.9600000,1992867
US1.PEP,D,20171019,000000,111.6200000,112.7900000,111.6000000,112.6800000,1893659
US1.PEP,D,20171020,000000,113.0100000,113.0200000,111.3800000,111.6100000,2474235
US1.PEP,D,20171023,000000,111.6400000,112.4500000,111.4000000,111.7200000,1516009
US1.PEP,D,20171024,000000,111.8400000,111.8658000,110.2800000,110.7400000,2434760
US1.PEP,D,20171025,000000,110.4300000,110.5290000,109.1800000,110.0800000,2680214
US1.PEP,D,20171026,000000,110.6700000,111.2400000,110.4100000,110.7200000,2090229
US1.PEP,D,20171027,000000,110.4100000,110.8475000,109.9300000,110.6000000,2184443
US1.PEP,D,20171030,000000,110.3600000,110.3700000,109.3600000,109.6400000,1572184
US1.PEP,D,20171031,000000,110.2400000,110.7650000,109.9500000,110.2300000,2284022
US1.PEP,D,20171101,000000,109.7600000,110.6800000,109.6100000,110.1300000,2088519
US1.PEP,D,20171102,000000,109.9100000,110.1800000,109.5400000,110.0200000,1444221
US1.PEP,D,20171103,000000,110.1400000,110.6500000,110.0000000,110.2100000,1134736
US1.PEP,D,20171106,000000,109.9700000,110.0000000,109.1900000,109.2600000,2037021
US1.PEP,D,20171107,000000,109.1500000,110.5800000,109.1500000,110.4700000,2536566
US1.PEP,D,20171108,000000,110.5700000,112.0400000,110.5000000,112.0000000,2392929
US1.PEP,D,20171109,000000,111.3500000,112.4400000,111.0200000,111.4700000,2134279
US1.PEP,D,20171110,000000,111.4400000,112.9750000,111.3100000,112.7615000,2613049
US1.PEP,D,20171113,000000,112.6900000,114.1900000,112.6400000,114.0400000,2209488
US1.PEP,D,20171114,000000,113.6900000,116.1900000,113.5900000,115.7700000,3862384
US1.PEP,D,20171115,000000,115.6500000,115.9300000,115.0300000,115.1000000,2904409
US1.PEP,D,20171116,000000,115.3900000,115.8350000,114.9400000,115.2300000,2192792
US1.PEP,D,20171117,000000,114.7300000,115.1400000,114.5300000,114.7100000,1893056
US1.PEP,D,20171120,000000,114.7500000,115.8500000,114.7100000,114.9100000,2089830
US1.PEP,D,20171121,000000,114.9900000,116.3300000,114.9700000,116.0600000,2097179
US1.PEP,D,20171122,000000,115.7700000,116.0000000,114.2800000,115.0900000,2441466
US1.PEP,D,20171124,000000,115.6500000,116.3000000,115.4250000,115.9000000,1023693
US1.PEP,D,20171127,000000,116.0000000,116.4000000,115.6600000,115.8700000,1902953
US1.PEP,D,20171128,000000,116.2600000,116.8300000,115.3000000,116.8200000,1979124
US1.PEP,D,20171129,000000,116.8400000,117.3800000,116.2900000,116.8500000,2406667
US1.PEP,D,20171130,000000,116.5200000,117.2100000,116.0800000,116.5400000,2989147
US1.PEP,D,20171201,000000,116.5000000,116.8500000,115.0400000,116.7500000,3570544
US1.PEP,D,20171204,000000,117.0000000,118.2000000,116.6200000,117.4000000,2680254
US1.PEP,D,20171205,000000,117.6300000,117.9400000,117.1800000,117.5900000,2088980
US1.PEP,D,20171206,000000,117.5300000,118.9100000,117.5300000,118.8900000,2033622
US1.PEP,D,20171207,000000,118.5200000,118.6400000,116.5500000,116.7300000,3043751
US1.PEP,D,20171208,000000,116.5200000,116.6000000,115.9000000,116.5600000,2218096
US1.PEP,D,20171211,000000,116.3300000,117.4350000,115.5600000,117.3800000,1544201
US1.PEP,D,20171212,000000,117.6000000,118.3700000,117.1200000,117.4100000,1820611
US1.PEP,D,20171213,000000,117.5100000,118.2100000,117.4800000,117.9400000,1889863
US1.PEP,D,20171214,000000,117.9400000,118.6000000,117.7250000,118.0400000,2717471
US1.PEP,D,20171215,000000,118.5700000,119.3600000,118.4500000,119.1800000,4343130
US1.PEP,D,20171218,000000,119.3000000,119.7400000,118.0000000,118.0800000,2438432
US1.PEP,D,20171219,000000,118.7500000,119.3850000,118.2300000,118.6400000,2348066
US1.PEP,D,20171220,000000,118.6600000,119.1200000,117.5600000,119.0500000,2399215
US1.PEP,D,20171221,000000,119.4500000,119.5700000,117.8400000,118.2800000,1570907
US1.PEP,D,20171222,000000,118.6000000,118.7500000,118.1700000,118.6500000,1241150
US1.PEP,D,20171226,000000,118.4100000,119.2400000,118.4100000,118.8900000,1503982
US1.PEP,D,20171227,000000,118.8700000,119.4000000,118.8000000,119.2900000,1555515
US1.PEP,D,20171228,000000,119.4200000,119.5300000,119.0500000,119.3400000,1411985
US1.PEP,D,20171229,000000,119.4600000,120.5700000,119.4200000,119.9400000,1646852
US1.PEP,D,20180102,000000,119.9300000,120.1800000,117.9251000,118.0600000,2888392
US1.PEP,D,20180103,000000,117.9050000,118.4700000,117.6400000,117.6900000,3027120
US1.PEP,D,20180104,000000,117.7300000,119.1100000,117.6000000,118.3200000,2062927
US1.PEP,D,20180105,000000,118.4100000,119.0900000,118.2450000,118.5600000,1635676
US1.PEP,D,20180108,000000,118.2100000,118.7400000,117.6700000,117.9500000,3440032
US1.PEP,D,20180109,000000,118.2600000,118.9800000,117.9500000,118.1300000,3485128
US1.PEP,D,20180110,000000,118.1300000,118.3600000,116.7000000,117.4550000,2030567
US1.PEP,D,20180111,000000,117.4600000,117.8500000,116.3800000,116.8800000,2498113
US1.PEP,D,20180112,000000,116.9500000,118.0100000,116.8500000,117.3300000,3004497
US1.PEP,D,20180116,000000,117.2000000,118.3500000,117.0300000,117.8900000,3341346
US1.PEP,D,20180117,000000,118.3300000,120.1700000,118.2100000,119.2000000,3175302
US1.PEP,D,20180118,000000,119.0600000,119.6200000,118.6500000,119.0500000,2074698
US1.PEP,D,20180119,000000,119.4800000,120.6800000,118.6400000,120.2000000,3643664
US1.PEP,D,20180122,000000,120.1000000,121.8500000,120.0000000,121.5400000,2732491
US1.PEP,D,20180123,000000,121.0100000,122.5100000,120.8500000,121.3000000,2538706
US1.PEP,D,20180124,000000,121.2400000,121.4800000,120.8200000,121.1700000,1989311
US1.PEP,D,20180125,000000,120.6100000,121.4532000,120.3600000,120.9000000,1833135
US1.PEP,D,20180126,000000,120.6100000,121.8400000,120.6100000,121.7450000,2034567
US1.PEP,D,20180129,000000,121.3800000,122.1600000,119.6500000,119.6800000,2423023
US1.PEP,D,20180130,000000,119.6800000,121.2000000,119.5000000,119.8900000,2787680
US1.PEP,D,20180131,000000,119.8400000,120.7500000,119.5100000,120.3300000,2084623
US1.PEP,D,20180201,000000,119.9200000,121.0100000,119.2800000,120.3000000,2118016
US1.PEP,D,20180202,000000,119.9100000,120.2800000,118.4000000,118.6100000,2185497
US1.PEP,D,20180205,000000,118.5700000,119.6600000,114.4101000,114.4700000,3511786
US1.PEP,D,20180206,000000,112.4400000,113.9500000,110.1500000,113.6300000,4637996
US1.PEP,D,20180207,000000,113.2500000,115.7700000,112.7500000,113.5000000,3335466
US1.PEP,D,20180208,000000,113.6500000,113.7200000,110.0900000,110.1500000,3067782
US1.PEP,D,20180209,000000,110.8100000,111.9900000,108.8800000,111.1800000,3772427
US1.PEP,D,20180212,000000,111.9000000,112.7500000,111.0600000,111.9800000,3134065
US1.PEP,D,20180213,000000,112.0000000,113.5000000,110.6800000,112.1400000,4213125
US1.PEP,D,20180214,000000,111.6700000,111.9000000,108.7600000,109.1100000,5828686
US1.PEP,D,20180215,000000,109.5300000,111.0400000,108.7200000,111.0200000,4046680
US1.PEP,D,20180216,000000,111.0600000,111.7000000,109.7600000,111.0600000,3482559
US1.PEP,D,20180220,000000,110.9600000,110.9600000,109.3400000,109.4700000,2451290
US1.PEP,D,20180221,000000,109.3500000,109.8405000,107.9400000,108.0000000,2945371
US1.PEP,D,20180222,000000,108.3300000,109.9700000,108.0200000,109.2700000,3396037
US1.PEP,D,20180223,000000,109.3600000,110.0500000,108.5700000,109.6800000,3161128
US1.PEP,D,20180226,000000,110.1700000,111.1700000,110.0300000,110.9300000,3577963
US1.PEP,D,20180227,000000,111.1800000,112.0800000,110.7100000,110.8900000,4417098
US1.PEP,D,20180228,000000,111.0000000,111.6500000,109.6800000,109.7400000,2804924
US1.PEP,D,20180301,000000,109.2100000,109.8800000,107.2410000,108.0800000,4134130
US1.PEP,D,20180302,000000,107.9100000,109.3200000,107.9000000,109.0100000,2871637
US1.PEP,D,20180305,000000,108.4600000,109.6000000,108.0200000,109.4300000,2205681
US1.PEP,D,20180306,000000,109.3600000,109.6200000,108.4400000,109.5700000,2143514
US1.PEP,D,20180307,000000,108.8900000,110.0600000,108.6100000,109.8500000,2438570
US1.PEP,D,20180308,000000,110.0300000,112.1300000,109.5800000,112.0700000,3629580
US1.PEP,D,20180309,000000,112.2700000,112.5700000,111.6424000,112.5300000,2392853
US1.PEP,D,20180312,000000,112.5000000,113.0900000,112.0750000,112.7600000,3230676
US1.PEP,D,20180313,000000,113.2700000,113.9000000,112.7200000,113.6000000,3245659
US1.PEP,D,20180314,000000,113.5700000,113.7700000,112.2300000,112.6300000,3246297
US1.PEP,D,20180315,000000,112.3400000,113.2500000,111.6600000,111.9700000,2837298
US1.PEP,D,20180316,000000,112.3300000,113.2000000,111.5800000,111.6500000,3348374
US1.PEP,D,20180319,000000,111.6500000,111.9900000,110.0500000,110.3600000,2660459
US1.PEP,D,20180320,000000,110.7500000,111.3000000,109.8300000,109.9000000,2216417
US1.PEP,D,20180321,000000,109.8900000,110.0800000,108.5300000,108.7400000,2944901
US1.PEP,D,20180322,000000,108.4500000,109.6700000,107.8000000,107.9600000,2880965
US1.PEP,D,20180323,000000,108.1500000,108.7400000,105.9380000,106.1600000,3042266
US1.PEP,D,20180326,000000,106.7600000,107.4700000,106.0900000,106.8400000,2751893
US1.PEP,D,20180327,000000,107.2300000,108.5400000,106.5100000,107.6100000,3295606
US1.PEP,D,20180328,000000,108.1400000,110.1100000,108.0000000,109.1900000,3585039
US1.PEP,D,20180329,000000,110.1200000,110.6600000,108.9700000,109.1610000,2449429
US1.PEP,D,20180402,000000,108.6200000,109.2200000,106.4400000,107.0810000,2964279
US1.PEP,D,20180403,000000,107.3900000,108.5300000,106.5900000,108.1900000,3053105
US1.PEP,D,20180404,000000,107.7800000,110.7300000,107.2400000,110.1800000,3124893
US1.PEP,D,20180405,000000,110.4300000,111.1800000,109.7500000,110.5700000,1634827
US1.PEP,D,20180406,000000,110.0600000,110.9800000,108.7700000,109.2800000,2027497
US1.PEP,D,20180409,000000,109.5400000,110.4500000,108.7800000,109.4000000,1355924
US1.PEP,D,20180410,000000,109.7400000,110.2000000,108.9200000,109.3900000,1846344
US1.PEP,D,20180411,000000,108.5700000,109.4700000,108.4200000,108.6900000,2539518
US1.PEP,D,20180412,000000,108.9500000,109.5100000,108.2700000,108.3000000,1965597
US1.PEP,D,20180413,000000,108.8500000,109.4600000,108.5200000,109.2700000,1772052
US1.PEP,D,20180416,000000,109.7500000,110.6400000,109.5200000,109.9100000,2005394
US1.PEP,D,20180417,000000,108.6300000,109.0800000,107.9800000,108.8000000,3477063
US1.PEP,D,20180418,000000,108.9100000,109.3600000,106.4600000,106.9700000,4216334
US1.PEP,D,20180419,000000,106.7100000,106.9400000,105.0800000,105.5600000,4731461
US1.PEP,D,20180420,000000,105.4500000,105.6000000,102.2700000,102.4900000,6640628
US1.PEP,D,20180423,000000,102.5500000,102.8000000,101.8400000,102.5900000,4879499
US1.PEP,D,20180424,000000,102.7000000,102.8500000,100.9700000,101.4300000,4041624
US1.PEP,D,20180425,000000,101.2100000,102.3600000,100.8500000,101.1400000,3604775
US1.PEP,D,20180426,000000,102.2500000,104.0800000,101.1500000,103.2700000,4646882
US1.PEP,D,20180427,000000,102.2200000,102.9900000,101.6500000,101.7100000,3436621
US1.PEP,D,20180430,000000,101.8500000,102.3850000,100.5800000,100.9400000,2661841
US1.PEP,D,20180501,000000,100.3600000,100.9300000,98.5700000,99.1250000,3408407
US1.PEP,D,20180502,000000,99.1600000,99.3573000,97.0300000,97.2400000,4543080
US1.PEP,D,20180503,000000,97.5900000,98.0900000,96.7000000,97.5900000,5004402
US1.PEP,D,20180504,000000,97.5500000,99.7700000,97.5000000,98.9900000,4819575
US1.PEP,D,20180507,000000,98.9800000,99.3100000,98.0700000,98.2200000,2258002
US1.PEP,D,20180508,000000,97.9000000,97.9900000,96.4300000,96.7900000,3685945
US1.PEP,D,20180509,000000,97.1900000,97.5200000,95.9400000,96.1649000,4645856
US1.PEP,D,20180510,000000,96.4300000,97.7400000,96.4000000,97.2700000,2359193
US1.PEP,D,20180511,000000,97.5800000,98.2600000,96.8800000,97.4400000,2512697
US1.PEP,D,20180514,000000,97.6900000,97.7299000,96.7300000,97.1500000,2564548
US1.PEP,D,20180515,000000,96.6100000,97.2400000,96.3550000,96.7900000,4714535
US1.PEP,D,20180516,000000,96.6400000,97.5500000,96.5500000,97.1800000,3416217
US1.PEP,D,20180517,000000,97.5500000,97.9900000,97.1500000,97.9100000,3763598
US1.PEP,D,20180518,000000,98.3100000,98.4500000,97.3200000,97.5200000,4183474
US1.PEP,D,20180521,000000,98.2200000,99.9800000,98.0600000,99.5100000,4947760
US1.PEP,D,20180522,000000,99.7800000,100.4600000,99.4300000,99.9200000,5586711
US1.PEP,D,20180523,000000,99.9300000,100.6000000,99.6100000,100.4400000,4280185
US1.PEP,D,20180524,000000,100.3100000,100.5800000,99.7600000,100.1900000,3455343
US1.PEP,D,20180525,000000,100.1800000,101.1100000,99.9000000,100.3100000,3914958
US1.PEP,D,20180529,000000,100.0000000,101.2850000,100.0000000,101.1000000,4851981
US1.PEP,D,20180530,000000,101.6600000,102.2400000,101.0900000,101.8400000,4163497
US1.PEP,D,20180531,000000,100.9200000,101.3000000,99.6600000,100.2400000,3838769
US1.PEP,D,20180601,000000,100.5400000,100.9300000,99.6500000,100.2500000,3319301
US1.PEP,D,20180604,000000,100.7700000,101.0900000,100.0250000,100.1100000,2571809
US1.PEP,D,20180605,000000,100.4600000,100.9595000,99.8800000,100.2100000,3606723
US1.PEP,D,20180606,000000,100.4000000,100.8600000,99.8150000,100.8300000,2767991
US1.PEP,D,20180607,000000,100.5100000,101.5100000,100.3300000,101.1500000,3581496
US1.PEP,D,20180608,000000,101.1300000,102.6100000,101.1300000,102.4800000,3211388
US1.PEP,D,20180611,000000,102.6100000,103.4100000,102.2700000,103.2000000,2711860
US1.PEP,D,20180612,000000,103.2300000,104.5500000,102.8200000,104.4700000,3852352
US1.PEP,D,20180613,000000,104.2200000,105.6000000,104.1600000,105.2600000,5342329
US1.PEP,D,20180614,000000,105.2600000,105.3600000,104.4300000,105.1400000,3558354
US1.PEP,D,20180615,000000,105.0300000,107.7500000,104.8200000,107.6100000,6114411
US1.PEP,D,20180618,000000,107.0100000,107.2100000,104.8300000,105.3900000,3611049
US1.PEP,D,20180619,000000,105.4900000,106.6800000,105.2200000,105.9700000,3230381
US1.PEP,D,20180620,000000,105.7300000,106.1100000,105.3600000,105.8100000,3451624
US1.PEP,D,20180621,000000,106.5700000,107.4250000,106.3000000,107.2500000,4522426
US1.PEP,D,20180622,000000,107.2400000,108.6700000,107.1400000,108.3800000,3418988
US1.PEP,D,20180625,000000,107.9600000,109.5900000,107.7100000,109.0100000,3792463
US1.PEP,D,20180626,000000,109.0500000,109.1700000,107.4700000,108.0600000,3300783
US1.PEP,D,20180627,000000,108.3700000,108.9550000,107.6200000,108.2800000,3948580
US1.PEP,D,20180628,000000,108.4200000,109.3000000,108.3000000,108.6800000,2870780
US1.PEP,D,20180629,000000,108.6100000,109.5000000,107.8000000,108.8900000,2805544
US1.PEP,D,20180702,000000,108.7000000,110.0000000,108.3100000,109.5100000,3487054
US1.PEP,D,20180703,000000,108.6100000,109.8600000,108.0550000,108.8000000,3312101
US1.PEP,D,20180705,000000,108.9100000,109.6150000,108.0000000,109.5400000,3096098
US1.PEP,D,20180706,000000,109.4900000,110.0200000,108.9700000,109.5700000,3051355
US1.PEP,D,20180709,000000,109.2700000,109.3000000,107.5200000,107.7600000,6040686
US1.PEP,D,20180710,000000,110.5300000,113.0000000,109.6800000,112.8900000,12649762
US1.PEP,D,20180711,000000,112.6400000,112.9400000,112.1000000,112.5362000,4079290
US1.PEP,D,20180712,000000,112.5400000,112.7100000,110.9700000,111.5700000,4317521
US1.PEP,D,20180713,000000,111.6800000,112.7900000,111.6200000,112.7000000,2951023
US1.PEP,D,20180716,000000,112.5600000,113.1210000,111.7511000,112.9700000,2569808
US1.PEP,D,20180717,000000,113.4700000,115.0300000,113.4700000,114.8700000,5055457
US1.PEP,D,20180718,000000,114.9200000,115.0000000,113.8900000,114.8000000,3791149
US1.PEP,D,20180719,000000,114.7700000,116.5900000,114.7500000,115.7800000,6136106
US1.PEP,D,20180720,000000,115.7500000,116.7900000,115.2200000,116.0400000,8801052
US1.PEP,D,20180723,000000,115.5200000,115.9800000,113.5800000,114.3900000,4644912
US1.PEP,D,20180724,000000,114.1100000,114.9200000,113.8500000,114.7500000,3473407
US1.PEP,D,20180725,000000,114.9400000,115.6700000,114.5000000,115.2100000,2879478
US1.PEP,D,20180726,000000,116.1400000,116.9000000,114.8800000,115.0000000,2915600
US1.PEP,D,20180727,000000,114.7700000,115.3500000,114.0250000,114.2900000,2874594
US1.PEP,D,20180730,000000,113.7800000,114.5900000,113.6700000,114.1900000,2292575
US1.PEP,D,20180731,000000,114.6600000,115.4900000,114.1100000,115.0000000,2599943
US1.PEP,D,20180801,000000,114.4800000,114.5250000,113.2250000,113.6000000,2732998
US1.PEP,D,20180802,000000,113.6000000,114.9300000,113.0900000,114.7000000,2726068
US1.PEP,D,20180803,000000,114.6800000,116.7000000,114.3700000,116.3000000,2640136
US1.PEP,D,20180806,000000,117.2500000,118.4400000,116.9000000,117.3900000,5148744
US1.PEP,D,20180807,000000,116.4500000,116.4600000,113.5300000,114.2100000,5128881
US1.PEP,D,20180808,000000,114.5200000,114.8500000,113.4700000,113.4900000,3692497
US1.PEP,D,20180809,000000,114.1200000,114.1200000,113.3800000,113.6900000,2490087
US1.PEP,D,20180810,000000,113.5900000,113.9700000,112.5700000,112.8500000,2614243
US1.PEP,D,20180813,000000,112.8100000,113.1400000,112.0100000,113.0200000,2431015
US1.PEP,D,20180814,000000,112.7000000,113.4900000,112.1100000,113.0900000,2601989
US1.PEP,D,20180815,000000,112.7600000,113.7400000,112.2500000,113.4900000,3612509
US1.PEP,D,20180816,000000,113.7400000,114.7300000,113.3700000,114.2900000,3163958
US1.PEP,D,20180817,000000,114.0000000,115.0900000,114.0000000,114.9900000,2162577
US1.PEP,D,20180820,000000,114.9900000,115.8500000,114.6000000,114.8400000,2602317
US1.PEP,D,20180821,000000,115.2500000,115.2500000,113.6500000,113.7200000,3141264
US1.PEP,D,20180822,000000,113.7000000,113.8200000,111.9600000,112.2400000,3024894
US1.PEP,D,20180823,000000,112.1700000,112.2300000,111.5100000,111.9200000,2937381
US1.PEP,D,20180824,000000,111.8700000,112.5299000,111.8000000,112.1400000,2035542
US1.PEP,D,20180827,000000,112.5900000,112.7700000,111.8300000,112.4200000,1881295
US1.PEP,D,20180828,000000,112.2200000,112.4450000,110.8900000,111.1800000,3082358
US1.PEP,D,20180829,000000,111.3000000,112.1173000,111.2200000,112.0400000,1541869
US1.PEP,D,20180830,000000,111.8700000,112.2300000,111.5500000,111.9700000,1453990
US1.PEP,D,20180831,000000,111.7700000,112.5800000,111.2600000,112.0000000,2464261
US1.PEP,D,20180904,000000,111.8200000,112.0900000,110.4500000,111.0100000,3181328
US1.PEP,D,20180905,000000,110.7600000,113.1700000,110.7000000,113.1400000,2789417
US1.PEP,D,20180906,000000,112.0000000,113.5300000,111.4400000,113.5000000,3203500
US1.PEP,D,20180907,000000,112.8500000,113.5000000,111.5100000,112.7500000,2515787
US1.PEP,D,20180910,000000,112.9200000,113.9900000,112.7000000,113.5800000,2007759
US1.PEP,D,20180911,000000,111.8500000,113.7450000,111.8500000,113.3400000,1815149
US1.PEP,D,20180912,000000,113.3100000,114.2311000,113.0400000,113.8500000,2139849
US1.PEP,D,20180913,000000,114.5800000,115.0100000,113.6940000,114.9900000,2121066
US1.PEP,D,20180914,000000,114.8900000,114.8900000,113.7220000,114.5600000,1751475
US1.PEP,D,20180917,000000,114.6000000,115.4500000,114.2200000,115.4000000,1918728
US1.PEP,D,20180918,000000,115.4750000,115.4750000,113.6900000,114.0000000,2697956
US1.PEP,D,20180919,000000,113.9500000,114.2400000,113.4600000,113.7700000,2006592
US1.PEP,D,20180920,000000,114.2300000,115.5100000,114.1100000,115.2200000,2092726
US1.PEP,D,20180921,000000,115.2600000,115.5200000,114.8350000,114.8800000,4098460
US1.PEP,D,20180924,000000,114.1000000,114.7200000,112.2000000,112.2700000,1935897
US1.PEP,D,20180925,000000,112.6400000,112.7500000,111.7600000,111.9800000,2177489
US1.PEP,D,20180926,000000,112.2700000,112.8600000,111.3100000,111.5400000,2281832
US1.PEP,D,20180927,000000,111.4300000,112.4000000,110.9100000,111.0700000,2346850
US1.PEP,D,20180928,000000,111.5400000,112.0500000,110.9100000,111.8050000,3114456
US1.PEP,D,20181001,000000,112.1500000,112.4800000,110.6700000,110.8300000,3316634
US1.PEP,D,20181002,000000,110.4500000,111.1100000,107.7000000,108.7200000,5186945
US1.PEP,D,20181003,000000,109.2100000,109.7100000,107.1700000,107.5000000,4004644
US1.PEP,D,20181004,000000,106.8500000,107.4000000,105.8000000,106.6300000,3349671
US1.PEP,D,20181005,000000,106.2500000,107.0100000,105.9800000,106.4600000,2462686
US1.PEP,D,20181008,000000,106.3600000,108.3400000,106.3100000,108.1900000,2282548
US1.PEP,D,20181009,000000,108.6800000,108.9400000,107.5200000,108.1400000,2987453
US1.PEP,D,20181010,000000,107.5900000,109.3500000,107.2000000,107.3500000,3809754
US1.PEP,D,20181011,000000,108.2100000,108.4800000,104.9000000,105.0600000,3882400
US1.PEP,D,20181012,000000,105.3800000,105.7600000,104.5300000,105.2700000,2776551
US1.PEP,D,20181015,000000,105.2000000,106.6500000,105.1700000,105.6300000,1977868
US1.PEP,D,20181016,000000,106.3100000,107.6900000,105.8401000,107.3900000,2523271
US1.PEP,D,20181017,000000,107.2100000,108.7785000,107.1900000,108.3200000,2758782
US1.PEP,D,20181018,000000,108.4800000,109.3457000,107.5500000,107.9400000,2714331
US1.PEP,D,20181019,000000,108.7700000,110.6000000,108.4900000,110.2900000,3812736
US1.PEP,D,20181022,000000,110.0900000,110.8900000,109.2438000,109.3900000,3130212
US1.PEP,D,20181023,000000,108.9300000,110.5300000,108.3200000,110.1300000,3396374
US1.PEP,D,20181024,000000,110.2000000,114.1600000,109.9500000,112.9600000,6355485
US1.PEP,D,20181025,000000,113.0400000,113.2700000,111.4222000,112.8410000,4860405
US1.PEP,D,20181026,000000,111.6000000,112.0600000,109.6900000,110.4600000,4043886
US1.PEP,D,20181029,000000,111.2900000,113.3100000,111.1432000,113.0500000,3427704
US1.PEP,D,20181030,000000,113.7500000,114.2300000,112.6000000,113.7700000,2994440
US1.PEP,D,20181031,000000,113.5700000,113.6700000,111.1900000,112.3800000,3029182
US1.PEP,D,20181101,000000,112.0000000,113.1400000,110.9800000,111.4700000,3542942
US1.PEP,D,20181102,000000,111.4900000,112.1000000,109.6300000,111.0900000,4260189
US1.PEP,D,20181105,000000,111.6900000,114.4400000,111.2800000,114.3600000,2939860
US1.PEP,D,20181106,000000,114.0300000,115.3500000,113.8600000,115.2300000,2471362
US1.PEP,D,20181107,000000,115.4600000,115.7700000,114.4400000,115.6000000,2870629
US1.PEP,D,20181108,000000,115.3800000,116.5000000,115.2500000,116.0800000,1848360
US1.PEP,D,20181109,000000,116.0800000,117.7100000,116.0800000,117.4700000,3674532
US1.PEP,D,20181112,000000,117.0000000,118.3200000,116.7100000,116.9800000,3248987
US1.PEP,D,20181113,000000,117.7500000,117.7500000,116.2100000,117.1390000,2365746
US1.PEP,D,20181114,000000,117.4600000,117.4800000,116.2700000,116.6600000,2811692
US1.PEP,D,20181115,000000,116.4300000,116.9900000,115.6000000,116.8000000,2521656
US1.PEP,D,20181116,000000,117.0500000,118.4800000,116.8400000,118.3900000,2746569
US1.PEP,D,20181119,000000,118.0800000,119.5200000,117.9650000,119.0500000,2941933
US1.PEP,D,20181120,000000,119.7800000,120.2800000,115.7800000,116.0100000,3565323
US1.PEP,D,20181121,000000,115.9500000,116.8900000,114.9200000,115.2700000,2131622
US1.PEP,D,20181123,000000,114.7800000,116.5700000,114.7800000,115.4100000,1224058
US1.PEP,D,20181126,000000,115.8800000,116.4303000,114.9900000,115.8100000,1802861
US1.PEP,D,20181127,000000,115.3700000,116.5269000,114.9000000,116.4500000,1874245
US1.PEP,D,20181128,000000,115.9800000,118.5200000,115.5700000,118.4900000,2384978
US1.PEP,D,20181129,000000,118.4000000,118.8700000,117.4400000,118.2800000,1694999
US1.PEP,D,20181130,000000,118.2100000,122.0000000,118.1300000,121.9100000,4293162
US1.PEP,D,20181203,000000,121.0400000,121.0400000,117.5100000,118.9500000,4233400
US1.PEP,D,20181204,000000,119.3700000,120.6100000,117.4500000,117.8200000,4408617
US1.PEP,D,20181206,000000,116.3100000,117.3800000,114.1000000,116.8400000,3346699
US1.PEP,D,20181207,000000,116.3700000,116.9800000,115.3800000,115.8300000,2848893
US1.PEP,D,20181210,000000,116.4000000,116.6197000,114.4600000,116.1900000,2017346
US1.PEP,D,20181211,000000,116.9000000,118.1900000,116.6800000,117.2900000,2497477
US1.PEP,D,20181212,000000,118.3400000,118.5900000,116.4100000,117.0000000,2900268
US1.PEP,D,20181213,000000,117.1400000,118.8900000,117.1100000,118.3200000,4478494
US1.PEP,D,20181214,000000,117.3200000,117.5500000,113.6700000,113.9400000,5141156
US1.PEP,D,20181217,000000,114.3700000,115.0700000,112.2000000,112.9300000,3708835
US1.PEP,D,20181218,000000,113.2200000,113.5300000,110.7500000,111.8400000,3198341
US1.PEP,D,20181219,000000,112.6300000,113.1900000,109.6300000,110.0300000,4352609
US1.PEP,D,20181220,000000,110.2000000,111.9300000,109.2000000,110.2100000,5337498
US1.PEP,D,20181221,000000,110.9600000,114.1600000,108.8100000,109.4500000,7317860
US1.PEP,D,20181224,000000,110.1300000,111.0900000,105.3100000,105.3100000,2905149
US1.PEP,D,20181226,000000,106.2200000,108.4400000,105.0300000,108.2900000,2700581
US1.PEP,D,20181227,000000,107.7700000,109.4700000,106.0300000,109.4400000,2816196
US1.PEP,D,20181228,000000,110.0900000,111.1000000,109.2200000,110.4600000,3105922
US1.PEP,D,20181231,000000,110.5800000,111.0900000,109.3200000,110.4800000,2837655
US1.PEP,D,20190102,000000,109.1600000,110.0197000,108.2300000,109.2700000,2638359
US1.PEP,D,20190103,000000,108.9100000,110.1500000,108.0500000,108.2600000,3408342
US1.PEP,D,20190104,000000,109.5400000,110.6000000,108.2400000,110.4700000,3469874
US1.PEP,D,20190107,000000,109.9800000,110.3800000,108.6500000,109.5100000,3059574
US1.PEP,D,20190108,000000,110.0900000,110.8000000,109.4200000,110.5400000,3886425
US1.PEP,D,20190109,000000,110.3300000,110.8700000,107.4900000,107.5000000,5426251
US1.PEP,D,20190110,000000,107.4100000,108.3400000,107.3565000,108.1400000,4832273
US1.PEP,D,20190111,000000,107.8600000,108.5000000,107.6400000,108.1900000,4021943
US1.PEP,D,20190114,000000,107.8500000,107.9600000,106.9600000,107.3400000,3649487
US1.PEP,D,20190115,000000,107.0600000,109.0700000,106.7300000,108.9800000,3246988
US1.PEP,D,20190116,000000,108.9900000,109.0500000,107.7000000,108.3400000,3299842
US1.PEP,D,20190117,000000,108.1400000,109.4700000,108.0900000,109.2200000,2600563
US1.PEP,D,20190118,000000,109.9700000,110.2950000,109.1700000,110.0500000,3176486
US1.PEP,D,20190122,000000,109.8600000,110.2300000,108.7800000,110.0300000,2880348
US1.PEP,D,20190123,000000,109.6800000,110.7900000,109.5100000,110.7300000,3018866
US1.PEP,D,20190124,000000,110.3100000,110.3100000,108.4100000,109.5100000,2717332
US1.PEP,D,20190125,000000,110.1500000,110.5900000,109.0400000,109.3500000,3147805
US1.PEP,D,20190128,000000,108.9600000,109.6000000,108.0000000,108.8300000,2853391
US1.PEP,D,20190129,000000,108.9000000,109.6200000,108.5100000,108.9900000,2879638
US1.PEP,D,20190130,000000,108.9400000,111.2400000,108.5400000,110.8000000,3609490
US1.PEP,D,20190131,000000,110.9400000,112.9000000,110.2100000,112.6700000,3841570
US1.PEP,D,20190201,000000,112.9500000,113.2800000,111.4500000,112.1600000,3721573
US1.PEP,D,20190204,000000,112.0800000,113.4000000,111.8500000,113.1200000,2270270
US1.PEP,D,20190205,000000,113.0200000,113.5400000,112.4900000,112.8900000,2540465
US1.PEP,D,20190206,000000,112.9400000,113.5800000,112.3000000,113.0600000,2466007
US1.PEP,D,20190207,000000,112.8200000,113.1600000,112.1600000,113.0900000,2524173
US1.PEP,D,20190208,000000,112.9300000,113.0400000,111.9300000,113.0200000,2512587
US1.PEP,D,20190211,000000,113.1800000,113.5800000,112.6443000,112.9800000,2508362
US1.PEP,D,20190212,000000,113.2300000,114.5000000,112.2200000,113.7750000,4952631
US1.PEP,D,20190213,000000,114.1100000,114.7300000,113.6300000,114.1000000,3716276
US1.PEP,D,20190214,000000,113.0000000,113.0000000,111.8800000,112.4900000,4783540
US1.PEP,D,20190215,000000,115.8700000,116.2800000,114.1100000,115.9100000,6310083
US1.PEP,D,20190219,000000,116.8000000,116.9700000,115.2000000,115.9300000,4051649
US1.PEP,D,20190220,000000,115.7500000,116.6400000,115.4100000,115.8400000,3311918
US1.PEP,D,20190221,000000,115.5000000,116.9300000,115.4700000,116.0800000,3035180
US1.PEP,D,20190222,000000,116.1100000,116.7700000,115.5900000,116.7600000,3147990
US1.PEP,D,20190225,000000,117.1700000,117.3000000,115.7100000,116.0600000,2378604
US1.PEP,D,20190226,000000,116.3700000,116.5000000,115.4300000,115.9800000,2141498
US1.PEP,D,20190227,000000,115.5400000,115.7000000,114.4100000,115.3600000,2440754
US1.PEP,D,20190228,000000,114.7400000,116.2200000,114.2100000,115.7000000,3354149
US1.PEP,D,20190301,000000,115.8600000,116.3700000,115.2300000,116.1900000,2218665
US1.PEP,D,20190304,000000,116.5500000,116.9300000,115.5000000,116.2300000,2381894
US1.PEP,D,20190305,000000,115.9900000,116.8200000,115.6632000,116.0300000,2330877
US1.PEP,D,20190306,000000,115.9000000,116.8300000,115.5800000,116.6300000,3368765
US1.PEP,D,20190307,000000,116.2100000,117.3300000,115.7000000,116.0800000,2839421
US1.PEP,D,20190308,000000,115.8300000,116.2600000,114.2600000,115.2200000,3181953
US1.PEP,D,20190311,000000,115.4500000,116.7050000,114.9800000,116.5600000,3204512
US1.PEP,D,20190312,000000,116.7500000,117.2100000,116.0100000,116.6100000,3154529
US1.PEP,D,20190313,000000,116.8800000,117.5600000,116.4550000,116.5900000,3635064
US1.PEP,D,20190314,000000,116.8600000,116.9800000,115.4500000,115.5600000,6131728
US1.PEP,D,20190315,000000,115.7900000,116.5300000,115.3700000,115.5600000,8778910
US1.PEP,D,20190318,000000,116.1700000,117.3885000,116.0500000,117.2600000,4188839
US1.PEP,D,20190319,000000,117.3600000,118.7450000,117.2500000,118.1000000,3580035
US1.PEP,D,20190320,000000,118.0700000,119.4800000,117.3500000,118.3200000,3748578
US1.PEP,D,20190321,000000,118.0100000,119.6650000,118.0100000,119.4600000,2737740
US1.PEP,D,20190322,000000,119.5000000,121.2900000,119.4467000,120.7300000,4472741
US1.PEP,D,20190325,000000,120.2600000,121.2900000,120.0800000,120.8500000,3142997
US1.PEP,D,20190326,000000,121.4600000,122.1600000,121.2600000,122.0200000,3273192
US1.PEP,D,20190327,000000,122.5200000,123.1900000,121.1900000,121.8800000,3464772
US1.PEP,D,20190328,000000,121.9000000,122.4700000,121.5850000,121.8300000,1804716
US1.PEP,D,20190329,000000,122.3100000,122.7550000,121.2700000,122.5200000,2518992
US1.PEP,D,20190401,000000,122.9300000,122.9300000,121.5900000,121.9300000,2929672
US1.PEP,D,20190402,000000,121.9000000,122.2550000,121.5600000,121.6700000,2081756
US1.PEP,D,20190403,000000,121.6000000,122.2300000,120.7400000,121.5400000,2583112
US1.PEP,D,20190404,000000,121.8100000,122.1250000,121.1690000,121.4700000,1940343
US1.PEP,D,20190405,000000,121.3500000,121.6700000,120.8200000,121.6100000,2385696
US1.PEP,D,20190408,000000,121.7200000,122.0400000,121.2100000,121.9900000,1799484
US1.PEP,D,20190409,000000,121.7400000,122.2000000,120.8500000,122.1900000,2615130
US1.PEP,D,20190410,000000,122.3500000,122.7000000,121.6600000,122.0300000,1614916
US1.PEP,D,20190411,000000,122.3500000,122.7500000,121.1700000,121.6700000,2358248
US1.PEP,D,20190412,000000,121.6600000,122.3300000,121.1500000,122.2400000,2300592
US1.PEP,D,20190415,000000,122.4400000,124.0000000,122.3600000,123.6600000,2804327
US1.PEP,D,20190416,000000,123.2200000,123.8200000,121.8900000,122.3900000,3520219
US1.PEP,D,20190417,000000,125.0500000,127.1100000,123.8400000,126.9900000,4781472
US1.PEP,D,20190418,000000,128.2300000,128.2600000,126.7282000,127.1300000,4672292
US1.PEP,D,20190422,000000,126.7700000,127.2400000,125.8800000,126.4400000,2259603
US1.PEP,D,20190423,000000,126.6800000,127.5400000,126.1200000,127.0900000,2518778
US1.PEP,D,20190424,000000,127.4100000,127.9800000,126.6700000,126.9500000,1952751
US1.PEP,D,20190425,000000,125.6500000,126.3999000,125.1800000,126.0900000,2997915
US1.PEP,D,20190426,000000,126.4900000,127.2450000,126.1150000,126.3900000,2056348
US1.PEP,D,20190429,000000,126.1400000,126.9600000,126.0200000,126.6800000,1737674
US1.PEP,D,20190430,000000,127.3200000,128.3900000,126.3400000,128.0000000,3022608
US1.PEP,D,20190501,000000,127.8500000,128.0000000,127.0100000,127.2200000,2273361
US1.PEP,D,20190502,000000,127.2400000,127.5500000,126.1700000,126.8300000,1899726
US1.PEP,D,20190503,000000,127.4200000,128.1800000,126.9200000,127.6700000,1603616
US1.PEP,D,20190506,000000,127.7300000,127.7700000,126.7600000,127.2800000,1464591
US1.PEP,D,20190507,000000,126.5700000,126.9500000,125.1800000,125.9900000,2001082
US1.PEP,D,20190508,000000,125.8000000,126.7400000,124.9500000,126.0500000,1718811
US1.PEP,D,20190509,000000,125.7700000,126.5400000,124.8500000,126.0400000,1811431
US1.PEP,D,20190510,000000,126.1400000,128.2800000,125.6200000,128.0200000,2482279
US1.PEP,D,20190513,000000,127.0200000,127.9400000,126.6300000,127.1600000,2757370
US1.PEP,D,20190514,000000,127.1900000,128.5100000,126.9500000,127.4000000,2421483
US1.PEP,D,20190515,000000,127.3200000,129.8700000,127.1000000,129.3500000,2415943
US1.PEP,D,20190516,000000,129.3700000,130.7450000,128.7600000,130.2700000,2416076
US1.PEP,D,20190517,000000,129.9200000,130.8700000,129.6500000,130.5100000,2590583
US1.PEP,D,20190520,000000,130.0400000,130.4500000,129.5500000,129.9900000,2185935
US1.PEP,D,20190521,000000,130.5800000,130.5800000,128.8550000,129.0700000,2154571
US1.PEP,D,20190522,000000,129.1000000,130.6400000,128.9483000,130.0800000,2133291
US1.PEP,D,20190523,000000,129.6000000,130.9000000,129.5100000,129.9600000,2457237
US1.PEP,D,20190524,000000,130.3400000,130.4800000,128.9600000,129.4900000,1700269
US1.PEP,D,20190528,000000,129.5000000,129.9000000,127.3600000,127.6200000,2395682
US1.PEP,D,20190529,000000,127.5700000,128.3100000,126.8400000,128.1100000,2922132
US1.PEP,D,20190530,000000,128.1500000,128.9100000,127.7800000,128.6100000,1669147
US1.PEP,D,20190531,000000,128.0600000,128.4500000,126.9900000,127.9700000,1998327
US1.PEP,D,20190603,000000,128.3800000,129.1550000,127.4900000,128.9400000,2020542
US1.PEP,D,20190604,000000,129.7500000,129.8100000,128.0200000,129.0600000,2572949
US1.PEP,D,20190605,000000,129.2200000,131.6050000,128.8625000,131.4000000,3466144
US1.PEP,D,20190606,000000,131.0800000,132.2703000,130.5600000,132.0000000,2752169
US1.PEP,D,20190607,000000,132.8400000,134.7100000,132.5900000,133.4500000,3515011
US1.PEP,D,20190610,000000,133.1800000,133.6800000,132.3600000,133.5800000,1756023
US1.PEP,D,20190611,000000,134.1500000,134.3392000,132.6900000,133.1800000,2175039
US1.PEP,D,20190612,000000,134.0100000,134.4400000,132.6600000,133.1500000,2164169
US1.PEP,D,20190613,000000,133.4500000,133.7900000,131.8500000,132.9400000,1758017
US1.PEP,D,20190614,000000,133.2000000,133.5400000,132.5550000,132.7500000,1652945
US1.PEP,D,20190617,000000,132.7200000,133.2350000,131.8850000,132.5100000,1582681
US1.PEP,D,20190618,000000,134.4000000,134.4200000,131.8625000,132.1200000,2756903
US1.PEP,D,20190619,000000,132.0600000,133.2900000,131.3300000,132.8500000,2229002
US1.PEP,D,20190620,000000,133.8700000,134.4500000,133.3400000,134.1100000,2273084
US1.PEP,D,20190621,000000,133.9500000,134.5600000,133.6300000,133.9700000,3716396
US1.PEP,D,20190624,000000,134.6500000,135.2420000,133.9400000,134.1600000,1849292
US1.PEP,D,20190625,000000,133.9800000,134.4800000,133.5400000,133.8200000,2334843
US1.PEP,D,20190626,000000,133.1200000,133.7700000,132.3000000,132.3200000,2952165
US1.PEP,D,20190627,000000,132.1500000,132.4400000,131.3800000,131.6700000,2393158
US1.PEP,D,20190628,000000,132.2800000,132.4100000,130.7600000,131.0400000,2498173
US1.PEP,D,20190701,000000,131.8300000,132.2900000,131.0700000,131.8600000,2298215
US1.PEP,D,20190702,000000,132.0900000,132.6500000,131.3500000,132.4300000,1955184
US1.PEP,D,20190703,000000,132.9800000,134.1000000,132.7700000,133.8000000,2194810
US1.PEP,D,20190705,000000,132.8900000,133.4899000,131.5500000,133.0300000,1998794
US1.PEP,D,20190708,000000,133.1000000,133.3900000,132.0400000,132.5600000,3688030
US1.PEP,D,20190709,000000,133.0000000,133.4000000,130.7200000,131.7300000,5728782
US1.PEP,D,20190710,000000,132.4000000,134.4600000,131.8700000,134.4100000,4388620
US1.PEP,D,20190711,000000,134.1400000,134.7400000,133.3500000,134.3500000,2842782
US1.PEP,D,20190712,000000,134.0600000,134.4300000,132.6100000,133.2800000,3094960
US1.PEP,D,20190715,000000,133.6000000,134.1600000,132.5500000,134.1400000,1974218
US1.PEP,D,20190716,000000,134.0700000,135.2400000,133.0500000,133.8100000,2853785
US1.PEP,D,20190717,000000,133.9300000,134.2800000,132.4700000,132.7800000,2235472
US1.PEP,D,20190718,000000,132.6100000,133.2000000,131.5200000,132.8800000,2252668
US1.PEP,D,20190719,000000,133.0300000,133.1900000,130.0100000,130.1300000,3105676
US1.PEP,D,20190722,000000,130.4900000,130.8130000,129.6300000,130.2800000,1892865
US1.PEP,D,20190723,000000,131.3000000,132.2400000,130.4100000,130.7500000,2567169
US1.PEP,D,20190724,000000,130.5500000,131.2000000,128.6200000,129.2100000,2666952
US1.PEP,D,20190725,000000,128.6300000,129.5250000,128.3900000,129.0100000,2163924
US1.PEP,D,20190726,000000,129.4400000,131.4200000,128.7100000,131.2100000,2943257
US1.PEP,D,20190729,000000,131.5000000,132.0600000,131.1755000,131.5200000,2732457
US1.PEP,D,20190730,000000,131.3700000,132.0800000,130.2300000,130.4900000,2221051
US1.PEP,D,20190731,000000,130.1200000,130.4800000,126.2400000,127.8100000,3324708
US1.PEP,D,20190801,000000,128.9600000,129.4000000,126.7700000,127.1600000,3765356
US1.PEP,D,20190802,000000,127.1000000,128.8200000,126.5049000,127.9500000,3388405
US1.PEP,D,20190805,000000,128.3500000,129.1500000,123.8800000,124.3700000,3201042
US1.PEP,D,20190806,000000,124.8500000,127.0000000,124.3800000,126.4500000,3318515
US1.PEP,D,20190807,000000,126.4000000,128.3400000,124.6300000,127.8000000,3816522
US1.PEP,D,20190808,000000,127.7900000,129.7500000,127.0005000,129.5000000,1951834
US1.PEP,D,20190809,000000,129.7100000,129.7400000,127.3200000,128.6300000,1515479
US1.PEP,D,20190812,000000,128.4500000,129.1500000,127.8700000,128.3500000,1475492
US1.PEP,D,20190813,000000,128.2800000,130.3800000,127.9400000,129.9600000,2056166
US1.PEP,D,20190814,000000,129.5200000,130.5300000,128.8000000,129.1700000,3121837
US1.PEP,D,20190815,000000,129.6600000,131.2200000,129.4000000,130.6900000,2347244
US1.PEP,D,20190816,000000,131.4200000,132.3200000,130.6400000,131.7100000,1627174
US1.PEP,D,20190819,000000,132.1000000,132.8500000,131.9400000,132.5800000,1532691
US1.PEP,D,20190820,000000,132.8000000,133.1000000,131.9300000,132.0800000,1781387
US1.PEP,D,20190821,000000,132.9100000,133.6400000,131.6236000,132.3400000,1600340
US1.PEP,D,20190822,000000,131.7500000,132.9300000,131.3200000,132.6700000,1246911
US1.PEP,D,20190823,000000,132.4500000,133.3500000,129.5400000,130.4000000,2112108
US1.PEP,D,20190826,000000,130.8200000,133.7500000,130.5860000,133.7400000,2242618
US1.PEP,D,20190827,000000,134.2000000,135.3597000,133.6800000,134.7500000,3974281
US1.PEP,D,20190828,000000,134.5000000,135.3400000,134.2800000,135.2000000,2406658
US1.PEP,D,20190829,000000,135.5900000,136.4400000,134.5200000,136.0200000,1956233
US1.PEP,D,20190830,000000,136.1600000,137.1100000,135.7600000,136.7500000,2031085
US1.PEP,D,20190903,000000,136.3500000,137.6700000,135.8800000,137.5000000,1756208
US1.PEP,D,20190904,000000,137.8400000,139.1800000,137.2500000,139.1700000,1738330
US1.PEP,D,20190905,000000,138.7100000,138.8000000,135.5500000,135.9900000,2996769
US1.PEP,D,20190906,000000,136.9300000,137.4200000,136.0200000,137.3700000,1610430
US1.PEP,D,20190909,000000,136.6000000,136.6800000,135.4275000,136.4100000,2054300
US1.PEP,D,20190910,000000,135.7800000,136.5150000,134.6800000,135.8600000,2240648
US1.PEP,D,20190911,000000,135.2700000,136.7900000,134.8800000,136.3100000,2744584
US1.PEP,D,20190912,000000,136.7400000,138.2900000,136.7400000,137.2900000,2304777
US1.PEP,D,20190913,000000,136.0800000,136.9500000,135.6800000,136.4200000,2041742
US1.PEP,D,20190916,000000,136.5300000,136.5300000,134.3800000,134.8800000,1537020
US1.PEP,D,20190917,000000,134.9600000,136.3100000,134.5100000,135.6800000,1595659
US1.PEP,D,20190918,000000,135.8100000,135.9999000,134.1000000,135.5400000,1278090
US1.PEP,D,20190919,000000,135.4100000,135.8400000,135.0800000,135.4500000,1541782
US1.PEP,D,20190920,000000,135.0100000,135.7600000,134.4800000,134.4900000,4072954
US1.PEP,D,20190923,000000,134.9600000,135.7500000,134.9600000,135.4700000,1675319
US1.PEP,D,20190924,000000,136.2200000,136.4450000,134.5800000,135.4100000,2612817
US1.PEP,D,20190925,000000,135.2100000,135.6600000,134.5100000,135.1000000,1978668
US1.PEP,D,20190926,000000,135.8700000,136.3300000,135.0100000,135.7400000,2305707
US1.PEP,D,20190927,000000,136.2400000,136.2400000,134.6700000,135.5900000,2232705
US1.PEP,D,20190930,000000,135.9700000,137.7300000,135.8700000,137.1500000,1856554
US1.PEP,D,20191001,000000,136.9300000,137.9400000,136.0900000,137.3800000,2149333
US1.PEP,D,20191002,000000,136.8900000,137.3800000,133.4850000,134.0700000,3497646
US1.PEP,D,20191003,000000,138.4400000,139.7500000,136.5000000,137.8900000,6765583
US1.PEP,D,20191004,000000,137.9400000,140.4500000,137.6200000,140.2500000,3277338
US1.PEP,D,20191007,000000,139.2000000,139.6100000,137.9700000,138.3500000,2930839
US1.PEP,D,20191008,000000,137.7800000,138.4500000,137.0800000,137.2400000,2542345
US1.PEP,D,20191009,000000,137.3100000,138.1700000,136.8300000,137.8500000,1865768
US1.PEP,D,20191010,000000,137.1100000,138.2500000,136.6400000,137.9500000,1158959
US1.PEP,D,20191011,000000,138.0800000,138.7000000,137.0900000,137.5900000,1525699
US1.PEP,D,20191014,000000,137.8700000,138.3000000,137.2400000,137.4500000,1367964
US1.PEP,D,20191015,000000,137.4700000,137.9450000,136.1600000,136.3000000,2058105
US1.PEP,D,20191016,000000,136.1400000,136.4900000,135.5756000,136.4100000,1519580
US1.PEP,D,20191017,000000,137.0700000,137.6153000,136.6000000,136.9800000,1314148
US1.PEP,D,20191018,000000,137.2700000,137.3700000,136.2300000,136.2500000,2240418
US1.PEP,D,20191021,000000,136.3400000,136.7400000,135.6600000,136.1300000,1491403
US1.PEP,D,20191022,000000,136.6500000,137.3500000,136.3100000,136.6300000,1991030
US1.PEP,D,20191023,000000,136.5400000,137.5000000,136.5400000,137.4300000,1347166
US1.PEP,D,20191024,000000,137.6100000,138.1100000,136.7900000,137.8900000,1350373
US1.PEP,D,20191025,000000,137.7800000,137.9200000,136.2300000,136.6000000,1269997
US1.PEP,D,20191028,000000,136.5500000,137.5500000,136.1500000,136.5600000,2152774
US1.PEP,D,20191029,000000,136.8300000,137.1200000,135.9400000,136.0700000,1309084
US1.PEP,D,20191030,000000,135.8600000,137.2850000,135.4100000,136.8900000,1320798
US1.PEP,D,20191031,000000,136.4900000,137.5300000,136.1000000,137.1900000,1316635
US1.PEP,D,20191101,000000,138.1300000,138.3400000,136.7000000,136.9000000,1917636
US1.PEP,D,20191104,000000,136.8100000,137.1000000,134.7300000,135.1400000,1655911
US1.PEP,D,20191105,000000,134.8300000,135.1001000,132.6000000,134.0500000,2694249
US1.PEP,D,20191106,000000,134.3900000,134.8800000,133.5500000,134.4200000,2169099
US1.PEP,D,20191107,000000,134.4100000,134.5000000,133.1200000,133.3100000,1708598
US1.PEP,D,20191108,000000,133.0000000,134.1300000,132.5700000,133.0900000,1401255
US1.PEP,D,20191111,000000,133.0300000,133.0300000,131.9650000,132.3700000,1428973
US1.PEP,D,20191112,000000,132.9400000,132.9400000,131.5900000,131.9800000,1780463
US1.PEP,D,20191113,000000,132.6600000,133.5700000,132.0100000,133.2900000,1603947
US1.PEP,D,20191114,000000,133.8300000,133.9100000,132.7300000,133.3500000,1163528
US1.PEP,D,20191115,000000,133.6500000,133.9200000,132.8000000,133.8300000,2157506
US1.PEP,D,20191118,000000,133.8700000,135.6900000,133.8700000,134.0600000,1819324
US1.PEP,D,20191119,000000,134.6500000,135.0600000,134.0692000,134.6000000,1464747
US1.PEP,D,20191120,000000,134.3100000,135.2000000,133.4000000,133.7300000,1572949
US1.PEP,D,20191121,000000,133.5000000,134.2100000,133.0860000,133.9100000,1863955
US1.PEP,D,20191122,000000,133.9200000,134.5300000,133.0200000,134.0700000,1177781
US1.PEP,D,20191125,000000,134.5700000,134.7800000,133.2101000,133.8100000,1579262
US1.PEP,D,20191126,000000,134.2900000,135.8650000,133.8703000,135.7000000,1719793
US1.PEP,D,20191127,000000,135.7000000,136.5200000,135.3300000,135.9100000,1299057
US1.PEP,D,20191129,000000,136.0500000,136.4200000,135.2600000,135.8400000,1409962
US1.PEP,D,20191202,000000,136.6500000,136.6500000,134.4400000,135.8800000,2195917
US1.PEP,D,20191203,000000,136.6600000,136.6600000,134.3200000,135.4450000,2736774
US1.PEP,D,20191204,000000,134.9500000,137.3700000,134.5400000,137.2800000,2221157
US1.PEP,D,20191205,000000,136.1900000,136.5400000,135.2700000,136.3400000,1724481
US1.PEP,D,20191206,000000,136.6700000,137.6900000,136.3397000,137.4300000,1614022
US1.PEP,D,20191209,000000,137.1500000,138.0400000,137.0000000,137.1500000,1588343
US1.PEP,D,20191210,000000,137.2100000,137.6100000,136.1700000,136.2800000,1728655
US1.PEP,D,20191211,000000,137.0200000,137.5400000,136.3200000,137.0500000,1585619
US1.PEP,D,20191212,000000,137.4400000,137.9000000,136.7500000,137.1800000,1862761
US1.PEP,D,20191213,000000,136.9300000,138.2500000,136.1900000,137.9300000,1999340
US1.PEP,D,20191216,000000,136.9500000,137.5200000,136.1600000,137.0500000,2120089
US1.PEP,D,20191217,000000,137.0100000,137.4400000,135.6850000,136.1300000,2095736
US1.PEP,D,20191218,000000,136.9800000,137.3000000,135.6250000,135.9600000,1993829
US1.PEP,D,20191219,000000,136.2000000,136.7400000,135.9500000,136.4600000,1594109
US1.PEP,D,20191220,000000,137.4100000,138.1300000,135.1600000,137.9500000,4382709
US1.PEP,D,20191223,000000,137.7900000,138.1300000,136.8400000,137.0400000,1381512
US1.PEP,D,20191224,000000,137.0900000,137.3800000,136.2700000,136.8900000,956860
US1.PEP,D,20191226,000000,136.8600000,137.3400000,136.1000000,136.6700000,1102737
US1.PEP,D,20191227,000000,136.8800000,137.5800000,136.6300000,137.5400000,1099599
US1.PEP,D,20191230,000000,136.7700000,137.9700000,136.4800000,136.8800000,1396644
US1.PEP,D,20191231,000000,136.7300000,137.2625000,136.0300000,136.6200000,1389051
US1.PEP,D,20200102,000000,136.9900000,137.1700000,135.1500000,135.8100000,251457
US1.PEP,D,20200103,000000,135.4000000,136.7200000,135.1400000,135.6700000,314762
US1.PEP,D,20200106,000000,135.4100000,136.3100000,135.2700000,136.1600000,326497
US1.PEP,D,20200107,000000,135.6100000,135.9800000,133.9600000,134.0200000,256150
US1.PEP,D,20200108,000000,134.5300000,135.3500000,134.0900000,134.6800000,151737
US1.PEP,D,20200109,000000,135.2600000,135.3400000,134.5400000,134.7800000,218282
US1.PEP,D,20200110,000000,134.8500000,135.4200000,134.3900000,134.5300000,248223
US1.PEP,D,20200113,000000,134.7400000,136.5900000,134.6900000,136.5900000,245785
US1.PEP,D,20200114,000000,136.1800000,136.9100000,135.7600000,136.8800000,170079
US1.PEP,D,20200115,000000,137.0000000,139.2300000,136.9200000,139.2300000,330087
US1.PEP,D,20200116,000000,139.2500000,140.1500000,139.0800000,139.6100000,308242
US1.PEP,D,20200117,000000,139.9000000,141.3150000,139.9000000,141.2600000,338111
US1.PEP,D,20200121,000000,140.7900000,142.1100000,140.3400000,141.8500000,231464
US1.PEP,D,20200122,000000,141.8900000,143.5700000,141.7200000,143.3800000,320124
US1.PEP,D,20200123,000000,142.9600000,143.8500000,142.3700000,143.6800000,205206
US1.PEP,D,20200124,000000,143.6900000,144.0500000,142.4500000,142.9200000,220451
US1.PEP,D,20200127,000000,141.6400000,143.3500000,141.1600000,142.2300000,284274
US1.PEP,D,20200128,000000,142.0050000,142.8400000,142.0050000,142.4300000,231839
US1.PEP,D,20200129,000000,142.1200000,142.4500000,141.1700000,141.7700000,279257
US1.PEP,D,20200130,000000,141.9500000,143.9500000,141.7000000,143.8400000,320346
US1.PEP,D,20200131,000000,143.9600000,143.9600000,141.5800000,142.0000000,318078
US1.PEP,D,20200203,000000,142.9300000,143.0400000,141.8500000,142.5000000,294036
US1.PEP,D,20200204,000000,143.2000000,144.0400000,142.3100000,143.2500000,266121
US1.PEP,D,20200205,000000,143.8500000,144.5600000,143.4600000,144.3400000,347021
US1.PEP,D,20200206,000000,144.5700000,145.2800000,144.0900000,144.3300000,262965
US1.PEP,D,20200207,000000,144.2500000,145.7200000,143.9400000,145.4000000,309035
US1.PEP,D,20200210,000000,145.9000000,146.4100000,145.1400000,145.7100000,267489
US1.PEP,D,20200211,000000,145.9200000,146.3600000,144.9000000,146.0900000,339214
US1.PEP,D,20200212,000000,146.6800000,146.7400000,145.3500000,146.0300000,288812
US1.PEP,D,20200213,000000,145.6600000,147.1300000,143.5200000,146.4200000,351874
US1.PEP,D,20200214,000000,146.5000000,147.0400000,145.9550000,146.9800000,223755
US1.PEP,D,20200218,000000,147.1050000,147.1100000,145.4000000,145.5200000,269523
US1.PEP,D,20200219,000000,145.7450000,146.4400000,145.4900000,145.5400000,201336
US1.PEP,D,20200220,000000,145.7700000,145.8000000,143.9500000,145.1500000,251939
US1.PEP,D,20200221,000000,145.1200000,145.9200000,144.8500000,145.8500000,310768
US1.PEP,D,20200224,000000,145.9400000,147.1300000,142.5700000,142.6500000,383405
US1.PEP,D,20200225,000000,142.6000000,144.3600000,140.5700000,141.1100000,694170
US1.PEP,D,20200226,000000,142.0800000,143.7500000,141.1600000,141.9500000,533201
US1.PEP,D,20200227,000000,141.3300000,143.1300000,136.3100000,136.3100000,955250
US1.PEP,D,20200228,000000,133.2100000,133.7400000,128.3500000,132.1400000,1769171
US1.PEP,D,20200302,000000,132.0000000,137.7000000,131.8700000,137.6100000,517263
US1.PEP,D,20200303,000000,137.1900000,139.6700000,134.7600000,135.5500000,465971
US1.PEP,D,20200304,000000,136.1900000,142.7100000,136.1100000,142.3800000,450694
US1.PEP,D,20200305,000000,138.1700000,139.7200000,136.6800000,138.1400000,394529
US1.PEP,D,20200306,000000,131.5500000,138.1300000,131.4700000,137.2700000,619512
US1.PEP,D,20200309,000000,130.4300000,133.3500000,128.2300000,130.0700000,663127
US1.PEP,D,20200310,000000,132.0500000,134.5700000,126.8700000,134.1400000,809769
US1.PEP,D,20200311,000000,130.5700000,132.5400000,127.6800000,129.6600000,679837
US1.PEP,D,20200312,000000,121.8300000,124.9900000,113.6100000,115.2500000,951374
US1.PEP,D,20200313,000000,120.6800000,127.4500000,115.0700000,127.4500000,905798
US1.PEP,D,20200316,000000,114.6700000,123.7600000,112.5600000,113.0700000,674639
US1.PEP,D,20200317,000000,116.7000000,127.8000000,116.4000000,127.7200000,1086242
US1.PEP,D,20200318,000000,120.7700000,127.7000000,113.9300000,126.8200000,991497
US1.PEP,D,20200319,000000,121.5500000,121.9600000,116.0600000,117.4900000,589227
US1.PEP,D,20200320,000000,118.1400000,118.1400000,101.4200000,103.8700000,650841
US1.PEP,D,20200323,000000,105.9300000,112.8500000,102.8700000,105.1600000,819387
US1.PEP,D,20200324,000000,110.2300000,114.4300000,109.5400000,113.8400000,684620
US1.PEP,D,20200325,000000,112.7400000,116.3400000,111.0400000,112.5250000,568992
US1.PEP,D,20200326,000000,112.7400000,121.7900000,112.6500000,120.2700000,609361
US1.PEP,D,20200327,000000,118.0500000,124.6000000,117.9900000,120.3500000,591508
US1.PEP,D,20200330,000000,121.9800000,125.8400000,121.6200000,125.5400000,483247
US1.PEP,D,20200331,000000,123.5200000,125.6900000,119.5600000,120.0300000,555656
US1.PEP,D,20200401,000000,117.2700000,122.2800000,115.7300000,118.1900000,539093
US1.PEP,D,20200402,000000,117.2150000,125.1500000,116.5000000,123.8600000,454802
US1.PEP,D,20200403,000000,123.3700000,125.3200000,122.4700000,124.6500000,338227
US1.PEP,D,20200406,000000,128.8700000,132.1100000,125.6000000,131.2300000,510730
US1.PEP,D,20200407,000000,132.9900000,135.0800000,130.2900000,130.4900000,466669
US1.PEP,D,20200408,000000,129.8400000,133.2500000,129.1500000,132.6000000,349311
US1.PEP,D,20200409,000000,132.2100000,135.0800000,131.9900000,133.6200000,463207
US1.PEP,D,20200413,000000,131.6900000,133.3000000,129.4300000,130.8100000,206045
US1.PEP,D,20200414,000000,133.3100000,138.6300000,132.4200000,138.4600000,465832
US1.PEP,D,20200415,000000,137.1400000,137.5200000,133.7500000,135.0900000,335167
US1.PEP,D,20200416,000000,135.0600000,136.4000000,133.8600000,135.6700000,337727
US1.PEP,D,20200417,000000,137.8700000,137.9900000,134.9100000,137.5500000,283484
US1.PEP,D,20200420,000000,136.6100000,137.3600000,134.5400000,134.5400000,224478
US1.PEP,D,20200421,000000,132.1100000,132.9400000,130.6100000,130.9100000,287690
US1.PEP,D,20200422,000000,132.2800000,133.4700000,131.3600000,132.7300000,252670
US1.PEP,D,20200423,000000,132.4850000,134.1200000,130.0300000,130.2000000,356220
US1.PEP,D,20200424,000000,130.8700000,134.8200000,130.6500000,134.3100000,224113
US1.PEP,D,20200427,000000,134.5500000,135.1300000,133.9300000,134.5300000,206045
US1.PEP,D,20200428,000000,136.7800000,137.5500000,134.6800000,136.3100000,333637
US1.PEP,D,20200429,000000,136.6800000,136.7700000,132.9400000,133.3900000,448375
US1.PEP,D,20200430,000000,130.9000000,133.1400000,130.5500000,132.1700000,244731
US1.PEP,D,20200501,000000,131.1200000,132.2100000,129.5300000,130.3500000,262669
US1.PEP,D,20200504,000000,130.1800000,131.3400000,129.3400000,130.9300000,424227
US1.PEP,D,20200505,000000,131.0200000,133.3300000,130.7700000,131.7300000,218119
US1.PEP,D,20200506,000000,131.8000000,132.2300000,130.7100000,130.7700000,288205
US1.PEP,D,20200507,000000,131.3100000,131.6400000,130.1400000,131.5700000,448641
US1.PEP,D,20200508,000000,133.0500000,135.1600000,132.4900000,134.1500000,307811
US1.PEP,D,20200511,000000,133.8200000,136.2000000,133.2600000,134.3300000,230432
US1.PEP,D,20200512,000000,134.9100000,136.3800000,132.8700000,132.8700000,306938
US1.PEP,D,20200513,000000,133.0700000,134.4100000,131.4700000,132.9700000,467240
US1.PEP,D,20200514,000000,132.7600000,133.5500000,130.1700000,133.1300000,540454
US1.PEP,D,20200515,000000,133.5700000,137.6550000,132.8100000,135.9300000,1470604
US1.PEP,D,20200518,000000,136.9900000,137.9000000,135.1000000,135.5200000,539838
US1.PEP,D,20200519,000000,134.3800000,134.7500000,131.4000000,131.6700000,546305
US1.PEP,D,20200520,000000,132.5000000,132.5000000,130.3600000,131.2000000,525196
US1.PEP,D,20200521,000000,130.9100000,131.4300000,129.6300000,130.2100000,377132
US1.PEP,D,20200522,000000,129.5900000,130.6300000,129.1800000,130.5200000,235798
US1.PEP,D,20200526,000000,132.0000000,132.0000000,129.4000000,129.7700000,304360
US1.PEP,D,20200527,000000,130.1600000,130.8400000,128.5900000,130.8400000,348285
US1.PEP,D,20200528,000000,131.2100000,132.7200000,130.1100000,132.3400000,388522
US1.PEP,D,20200529,000000,132.2000000,132.2100000,130.3200000,131.7600000,533276
US1.PEP,D,20200601,000000,131.6500000,133.9400000,131.2100000,133.0000000,219337
US1.PEP,D,20200602,000000,132.9600000,133.8000000,131.1200000,132.6800000,309889
US1.PEP,D,20200603,000000,133.0300000,134.2700000,132.6100000,132.8100000,285748
US1.PEP,D,20200604,000000,131.6400000,133.5600000,130.1900000,130.6200000,365726
US1.PEP,D,20200605,000000,131.0000000,133.5200000,130.8100000,132.5700000,385326
US1.PEP,D,20200608,000000,131.5100000,132.4600000,131.2350000,132.2500000,244710
US1.PEP,D,20200609,000000,131.6900000,133.1300000,131.0700000,133.0300000,346687
US1.PEP,D,20200610,000000,133.2800000,135.1600000,133.2300000,134.1700000,343172
US1.PEP,D,20200611,000000,133.9200000,135.1400000,127.5800000,127.8300000,404194
US1.PEP,D,20200612,000000,129.2500000,129.9000000,127.4700000,129.0700000,402547
US1.PEP,D,20200615,000000,128.1600000,130.9600000,126.5400000,130.5700000,261638
US1.PEP,D,20200616,000000,132.7000000,133.0400000,130.1800000,131.6600000,287571
US1.PEP,D,20200617,000000,131.9600000,133.0300000,131.5200000,131.8100000,154315
US1.PEP,D,20200618,000000,131.4600000,133.1300000,130.7100000,132.7900000,195169
US1.PEP,D,20200619,000000,134.1500000,134.8200000,131.3000000,131.3300000,236135
US1.PEP,D,20200622,000000,130.3700000,131.7300000,129.9500000,131.0500000,127067
US1.PEP,D,20200623,000000,131.5400000,132.6700000,130.9800000,131.3800000,91775
US1.PEP,D,20200624,000000,130.4900000,131.0600000,128.6800000,129.6000000,239598
US1.PEP,D,20200625,000000,129.2200000,131.7300000,128.0900000,131.4000000,166866
US1.PEP,D,20200626,000000,131.4200000,132.3200000,128.0600000,129.0000000,286006
US1.PEP,D,20200629,000000,130.3600000,131.4000000,129.4500000,131.1700000,140423
US1.PEP,D,20200630,000000,131.6100000,132.8200000,130.8700000,132.2100000,182797
US1.PEP,D,20200701,000000,132.6050000,133.6200000,131.9500000,132.3700000,179597
US1.PEP,D,20200702,000000,133.5800000,134.1700000,132.6700000,132.9000000,90299
US1.PEP,D,20200706,000000,133.3500000,133.9500000,132.3400000,133.2200000,113351
US1.PEP,D,20200707,000000,132.3900000,134.6100000,132.2350000,133.5000000,170727
US1.PEP,D,20200708,000000,134.0600000,134.6800000,133.2100000,134.2100000,221522
US1.PEP,D,20200709,000000,133.8000000,133.9400000,131.7500000,132.6800000,158965
US1.PEP,D,20200710,000000,132.3700000,134.8900000,131.3100000,134.5000000,286813
US1.PEP,D,20200713,000000,136.9700000,138.0300000,134.4800000,134.9600000,368865
US1.PEP,D,20200714,000000,134.5100000,136.8800000,134.3500000,135.5000000,223303
US1.PEP,D,20200715,000000,135.5000000,136.1100000,133.2900000,133.7300000,160277
US1.PEP,D,20200716,000000,134.0800000,134.3300000,133.0800000,133.7900000,123649
US1.PEP,D,20200717,000000,134.4900000,135.0600000,133.6000000,134.6300000,91204
US1.PEP,D,20200720,000000,134.1000000,134.4800000,132.2000000,133.1000000,121001
US1.PEP,D,20200721,000000,133.9750000,136.3600000,133.8400000,134.4400000,227427
US1.PEP,D,20200722,000000,135.3200000,136.2300000,133.6900000,136.0000000,119929
US1.PEP,D,20200723,000000,136.5900000,137.2450000,135.5000000,137.1300000,163322
US1.PEP,D,20200724,000000,137.0100000,138.6300000,135.4000000,136.0700000,175327
US1.PEP,D,20200727,000000,135.5300000,137.7600000,134.9200000,137.7200000,129967
US1.PEP,D,20200728,000000,137.9800000,138.5600000,137.0900000,137.4300000,104525
US1.PEP,D,20200729,000000,137.2300000,139.0000000,137.1000000,137.9800000,111422
US1.PEP,D,20200730,000000,137.1500000,138.1700000,136.5100000,137.6300000,89393
US1.PEP,D,20200731,000000,137.0100000,137.6900000,135.2600000,137.6900000,155636
US1.PEP,D,20200803,000000,137.2600000,137.3400000,136.0300000,136.6800000,67733
US1.PEP,D,20200804,000000,137.1200000,137.5900000,136.0600000,137.4300000,63674
US1.PEP,D,20200805,000000,137.5000000,138.1000000,135.7900000,136.2400000,96047
US1.PEP,D,20200806,000000,135.5900000,136.2600000,135.4100000,135.8900000,105228
US1.PEP,D,20200807,000000,135.9200000,136.7400000,135.3900000,136.7400000,167294
US1.PEP,D,20200810,000000,136.2900000,136.7950000,135.4000000,135.9900000,110104
US1.PEP,D,20200811,000000,136.8900000,137.4100000,134.6900000,135.1800000,125635
US1.PEP,D,20200812,000000,135.2500000,138.6700000,135.2500000,137.7300000,129911
US1.PEP,D,20200813,000000,137.1400000,138.6000000,137.1300000,138.0600000,88720
US1.PEP,D,20200814,000000,137.8850000,138.1600000,137.2100000,137.4900000,85751
US1.PEP,D,20200817,000000,137.5400000,138.8700000,137.0900000,138.0000000,84613
US1.PEP,D,20200818,000000,138.3500000,138.5000000,137.1100000,138.1400000,107417
US1.PEP,D,20200819,000000,138.3900000,138.7600000,136.1100000,136.5000000,141522
US1.PEP,D,20200820,000000,135.8400000,137.1200000,135.8400000,136.7000000,98586
US1.PEP,D,20200821,000000,136.4400000,136.6600000,135.2800000,136.4600000,133951
US1.PEP,D,20200824,000000,136.6100000,137.6600000,136.1500000,137.6600000,138436
US1.PEP,D,20200825,000000,138.2600000,138.3000000,136.7300000,137.3000000,94624
US1.PEP,D,20200826,000000,136.6800000,138.6500000,136.4000000,138.4600000,177117
US1.PEP,D,20200827,000000,138.8000000,139.9100000,137.9400000,138.3200000,157825
US1.PEP,D,20200828,000000,138.5200000,139.9500000,137.3100000,139.9400000,181441
US1.PEP,D,20200831,000000,139.4000000,141.0100000,139.3600000,140.0200000,123854
US1.PEP,D,20200901,000000,140.3600000,140.3600000,138.5100000,139.2500000,106192
US1.PEP,D,20200902,000000,139.5800000,143.8100000,139.5400000,143.2800000,247740
US1.PEP,D,20200903,000000,142.8000000,143.9500000,138.2000000,139.3800000,254371
US1.PEP,D,20200904,000000,139.7600000,140.1800000,136.9400000,138.8400000,225835
US1.PEP,D,20200908,000000,138.4700000,138.6000000,134.4600000,135.4300000,203297
US1.PEP,D,20200909,000000,135.5600000,138.4200000,135.5600000,137.0500000,135279
US1.PEP,D,20200910,000000,136.6700000,137.5500000,134.0400000,134.6800000,198797
US1.PEP,D,20200911,000000,135.0200000,136.3700000,134.3200000,135.8600000,111130
US1.PEP,D,20200914,000000,136.1600000,137.4600000,135.8400000,136.6800000,72877
US1.PEP,D,20200915,000000,136.6300000,137.1800000,135.4300000,135.6000000,184373
US1.PEP,D,20200916,000000,135.9400000,136.5900000,134.8000000,135.0200000,152683
US1.PEP,D,20200917,000000,133.0600000,134.5000000,131.7200000,133.1900000,175819
US1.PEP,D,20200918,000000,133.6900000,134.7800000,130.0600000,131.4500000,173067
US1.PEP,D,20200921,000000,130.6500000,131.3000000,129.3750000,131.2700000,134914
US1.PEP,D,20200922,000000,130.8700000,132.8900000,130.8200000,132.1700000,180278
US1.PEP,D,20200923,000000,132.6300000,132.7300000,129.8700000,131.0200000,253173
US1.PEP,D,20200924,000000,131.4600000,132.3000000,129.9400000,131.5100000,193175
US1.PEP,D,20200925,000000,130.8100000,133.8200000,130.5300000,133.5400000,155415
US1.PEP,D,20200928,000000,135.9900000,138.5700000,135.7600000,138.0600000,390474
US1.PEP,D,20200929,000000,138.7200000,139.5100000,137.1400000,137.1700000,272436
US1.PEP,D,20200930,000000,137.9800000,139.1800000,136.9300000,138.2400000,274858
US1.PEP,D,20201001,000000,139.5300000,140.8500000,137.5200000,140.7700000,307592
US1.PEP,D,20201002,000000,139.2500000,139.9000000,136.2100000,138.1700000,314514
US1.PEP,D,20201005,000000,138.0900000,138.2800000,137.0000000,137.8100000,106469
US1.PEP,D,20201006,000000,137.7300000,138.8200000,135.2300000,135.6700000,200194
US1.PEP,D,20201007,000000,136.3300000,137.4700000,135.8100000,136.9700000,149340
US1.PEP,D,20201008,000000,137.0900000,138.0600000,136.8800000,137.9200000,106695
US1.PEP,D,20201009,000000,138.5000000,139.2500000,137.9300000,138.4400000,92814
US1.PEP,D,20201012,000000,140.8000000,143.4600000,140.0000000,142.1800000,285611
US1.PEP,D,20201013,000000,142.0500000,143.9900000,142.0500000,143.6100000,126976
US1.PEP,D,20201014,000000,143.7200000,144.0900000,141.6600000,142.5400000,139995
US1.PEP,D,20201015,000000,141.1600000,141.9300000,140.6400000,141.4800000,252844
US1.PEP,D,20201016,000000,141.9000000,142.7900000,141.1400000,141.7100000,230841
US1.PEP,D,20201019,000000,141.4000000,142.5000000,139.2700000,139.7600000,125652
US1.PEP,D,20201020,000000,140.8800000,141.1600000,139.4800000,139.7400000,169672
US1.PEP,D,20201021,000000,139.4900000,140.4300000,139.1000000,139.6200000,154596
US1.PEP,D,20201022,000000,139.7700000,140.0800000,139.0100000,139.5800000,166990
US1.PEP,D,20201023,000000,140.3700000,140.5300000,139.0600000,139.4600000,109315
US1.PEP,D,20201026,000000,138.7900000,139.0800000,136.4500000,138.1400000,203962
US1.PEP,D,20201027,000000,138.5800000,139.8700000,138.3700000,139.0600000,145914
US1.PEP,D,20201028,000000,137.0500000,137.5800000,133.9500000,134.2000000,233380
US1.PEP,D,20201029,000000,133.7000000,135.6000000,132.3000000,133.9700000,220685
US1.PEP,D,20201030,000000,132.9700000,133.7700000,131.7300000,133.5700000,214650
US1.PEP,D,20201102,000000,135.3100000,136.1800000,133.7800000,135.1900000,168062
US1.PEP,D,20201103,000000,136.6500000,138.5900000,136.2800000,136.9400000,164621
US1.PEP,D,20201104,000000,139.0000000,141.7000000,137.6600000,137.8600000,239314
US1.PEP,D,20201105,000000,139.6100000,140.2500000,137.5050000,138.0100000,142854
US1.PEP,D,20201106,000000,138.1700000,139.7300000,137.3800000,138.3300000,136631
US1.PEP,D,20201109,000000,141.9000000,143.6100000,138.2400000,138.4800000,287298
US1.PEP,D,20201110,000000,136.8700000,142.4300000,136.8700000,141.7900000,343917
US1.PEP,D,20201111,000000,142.6000000,144.2400000,141.6600000,143.9400000,246791
US1.PEP,D,20201112,000000,143.8500000,144.7400000,142.7800000,143.7200000,148576
US1.PEP,D,20201113,000000,143.8200000,144.8800000,143.3300000,144.7900000,140324
US1.PEP,D,20201116,000000,145.9200000,146.1600000,144.7500000,145.8300000,162822
US1.PEP,D,20201117,000000,144.4800000,146.0700000,144.1500000,145.3100000,162127
US1.PEP,D,20201118,000000,145.2800000,146.5650000,143.3200000,143.3600000,156131
US1.PEP,D,20201119,000000,142.8750000,143.7000000,142.4100000,143.3200000,224802
US1.PEP,D,20201120,000000,143.6100000,144.6300000,143.0100000,143.4400000,203541
US1.PEP,D,20201123,000000,143.4200000,143.5200000,141.8900000,143.0100000,138762
US1.PEP,D,20201124,000000,143.4400000,144.3400000,142.8300000,144.0200000,134578
US1.PEP,D,20201125,000000,144.2300000,144.8800000,143.7300000,144.1600000,85629
US1.PEP,D,20201127,000000,144.6400000,145.1800000,144.2000000,144.6600000,61968
US1.PEP,D,20201130,000000,144.2300000,144.5900000,142.8900000,144.2600000,184725
US1.PEP,D,20201201,000000,144.7700000,146.6200000,144.6100000,146.0900000,183777
US1.PEP,D,20201202,000000,145.6900000,146.8900000,143.9000000,144.6100000,203411
US1.PEP,D,20201203,000000,143.3600000,144.9600000,143.2700000,144.3400000,128553
US1.PEP,D,20201204,000000,144.0050000,145.9600000,143.9500000,145.7700000,103276
US1.PEP,D,20201207,000000,145.4800000,146.5300000,144.6500000,145.3600000,112827
US1.PEP,D,20201208,000000,145.2700000,146.1400000,144.3400000,145.4600000,99120
US1.PEP,D,20201209,000000,145.6000000,146.0700000,144.2900000,145.7200000,123884
US1.PEP,D,20201210,000000,146.2100000,146.2100000,144.4200000,144.6500000,94119
US1.PEP,D,20201211,000000,143.7600000,145.1000000,143.4100000,144.9900000,126345
US1.PEP,D,20201214,000000,145.3700000,146.4600000,144.0700000,144.1800000,138690
US1.PEP,D,20201215,000000,144.4000000,145.1600000,143.8900000,144.7100000,113553
US1.PEP,D,20201216,000000,144.1300000,145.4300000,143.9200000,144.9100000,101828
US1.PEP,D,20201217,000000,145.4400000,146.1900000,145.2100000,145.7500000,129650
US1.PEP,D,20201218,000000,146.0700000,147.0700000,145.5100000,147.0400000,155579
US1.PEP,D,20201221,000000,144.9000000,145.6600000,143.4700000,145.4900000,117826
US1.PEP,D,20201222,000000,144.4000000,144.9600000,143.5200000,144.0100000,82996
US1.PEP,D,20201223,000000,144.5500000,145.6000000,144.1000000,144.5000000,97431
US1.PEP,D,20201224,000000,144.7000000,145.0800000,144.2000000,145.0800000,25865
US1.PEP,D,20201228,000000,145.7500000,147.5000000,145.7500000,146.9500000,97547
US1.PEP,D,20201229,000000,147.6700000,148.7200000,146.8800000,147.4200000,150805
US1.PEP,D,20201230,000000,147.4500000,147.9600000,147.0300000,147.3700000,128746
US1.PEP,D,20201231,000000,147.4500000,148.4300000,146.6700000,148.3300000,58185
US1.PEP,D,20210104,000000,147.3500000,147.5400000,141.9700000,144.2200000,234964
US1.PEP,D,20210105,000000,144.0000000,145.1600000,143.0000000,144.8300000,132334
US1.PEP,D,20210106,000000,141.8300000,143.6000000,141.8000000,142.9400000,225157
US1.PEP,D,20210107,000000,142.9300000,143.0900000,141.1500000,142.3800000,163799
US1.PEP,D,20210108,000000,142.4500000,144.3400000,141.6800000,144.2700000,147728
US1.PEP,D,20210111,000000,143.6500000,144.2500000,141.7000000,142.1900000,119394
US1.PEP,D,20210112,000000,141.7000000,141.9700000,139.4500000,141.4300000,253561
US1.PEP,D,20210113,000000,141.1200000,143.2300000,141.1200000,142.7000000,155838
US1.PEP,D,20210114,000000,142.1400000,142.3600000,141.1200000,141.7900000,154931
US1.PEP,D,20210115,000000,141.5600000,142.5800000,140.5900000,141.3900000,144796
US1.PEP,D,20210119,000000,142.3300000,142.5700000,141.4900000,142.0600000,153933
US1.PEP,D,20210120,000000,140.9700000,141.7650000,139.9700000,141.3400000,195933
US1.PEP,D,20210121,000000,140.1300000,140.1500000,138.7400000,139.5000000,228404
US1.PEP,D,20210122,000000,139.2200000,139.5150000,138.2300000,138.5800000,134720
US1.PEP,D,20210125,000000,138.1200000,140.3000000,137.6100000,140.1800000,180074
US1.PEP,D,20210126,000000,141.1600000,142.0800000,139.7500000,141.7800000,153004
US1.PEP,D,20210127,000000,140.4900000,142.2800000,137.5700000,138.0400000,384415
US1.PEP,D,20210128,000000,138.7500000,140.7900000,137.8600000,139.1600000,281913
US1.PEP,D,20210129,000000,138.1100000,138.4300000,136.0800000,136.5100000,217928
US1.PEP,D,20210201,000000,136.8500000,137.9600000,135.9900000,136.9500000,123287
US1.PEP,D,20210202,000000,137.4300000,139.5000000,136.6300000,138.4200000,145818
US1.PEP,D,20210203,000000,137.7200000,138.9500000,137.0800000,137.9900000,209413
US1.PEP,D,20210204,000000,137.7500000,139.7500000,137.7500000,139.7200000,249255
US1.PEP,D,20210205,000000,140.3400000,142.1100000,140.0900000,141.0200000,302709
US1.PEP,D,20210208,000000,141.2300000,141.7800000,139.5200000,140.4700000,231891
US1.PEP,D,20210209,000000,141.1300000,141.1500000,139.5000000,139.5800000,132818
US1.PEP,D,20210210,000000,140.4300000,140.4400000,136.7800000,137.6000000,356832
US1.PEP,D,20210211,000000,137.8550000,137.8550000,134.3700000,134.9100000,359004
US1.PEP,D,20210212,000000,135.2100000,135.5700000,133.4600000,133.9000000,310740
US1.PEP,D,20210216,000000,134.2000000,134.8100000,133.4300000,134.4200000,248901
US1.PEP,D,20210217,000000,134.1200000,135.0700000,133.8900000,134.4400000,165889
US1.PEP,D,20210218,000000,134.1500000,135.6900000,133.9500000,135.3400000,192514
US1.PEP,D,20210219,000000,135.0000000,135.0000000,132.2900000,132.4700000,231600
US1.PEP,D,20210222,000000,132.3600000,132.5700000,130.7700000,131.9700000,283081
US1.PEP,D,20210223,000000,132.7400000,134.3200000,131.3100000,132.7600000,434389
US1.PEP,D,20210224,000000,131.8500000,132.2800000,131.2400000,132.1500000,286312
US1.PEP,D,20210225,000000,131.3100000,132.0400000,129.8000000,130.0000000,317162
US1.PEP,D,20210226,000000,130.8600000,130.8600000,128.5700000,129.2300000,385533
US1.PEP,D,20210301,000000,130.4500000,131.9400000,130.3500000,130.5800000,271384
US1.PEP,D,20210302,000000,130.6800000,132.0300000,130.4450000,131.0700000,320449
US1.PEP,D,20210303,000000,129.9000000,130.4600000,129.0000000,129.0900000,396673
US1.PEP,D,20210304,000000,129.1600000,131.7300000,128.3300000,128.8100000,841277
US1.PEP,D,20210305,000000,129.3700000,133.4000000,129.2400000,133.0500000,741440
US1.PEP,D,20210308,000000,133.2300000,134.1600000,132.0100000,132.1200000,823759
US1.PEP,D,20210309,000000,132.8800000,133.9100000,132.0200000,132.2400000,661899
US1.PEP,D,20210310,000000,132.4000000,134.4500000,130.5800000,133.5800000,566892
US1.PEP,D,20210311,000000,133.2700000,134.5700000,133.1100000,133.2900000,241848
US1.PEP,D,20210312,000000,133.2900000,133.7900000,132.6500000,133.0500000,354944
US1.PEP,D,20210315,000000,133.4600000,133.5600000,131.9700000,132.9800000,331613
US1.PEP,D,20210316,000000,133.1400000,134.5800000,132.7700000,134.0500000,439178
US1.PEP,D,20210317,000000,134.3000000,134.5400000,133.3800000,133.5200000,387418
US1.PEP,D,20210318,000000,132.3600000,133.0700000,131.4100000,132.5500000,508584
US1.PEP,D,20210319,000000,132.4500000,134.7000000,132.1900000,134.5000000,653719
US1.PEP,D,20210322,000000,135.6300000,138.2000000,135.3300000,137.8100000,406033
US1.PEP,D,20210323,000000,138.5300000,140.1700000,138.3300000,139.5000000,536676
US1.PEP,D,20210324,000000,139.0900000,140.1100000,138.7800000,138.8900000,332205
US1.PEP,D,20210325,000000,139.5500000,140.2400000,138.3500000,139.6700000,397918
US1.PEP,D,20210326,000000,139.6200000,142.9900000,139.2800000,142.8500000,550284
US1.PEP,D,20210329,000000,142.8300000,144.9600000,142.4300000,144.8200000,315659
US1.PEP,D,20210330,000000,144.2400000,144.7000000,142.1400000,142.5000000,242968
US1.PEP,D,20210331,000000,143.0300000,143.2000000,141.1800000,141.4000000,317242
US1.PEP,D,20210401,000000,141.3000000,142.2700000,140.1100000,141.3100000,178827
US1.PEP,D,20210405,000000,141.4800000,144.3300000,141.3400000,143.1000000,271069
US1.PEP,D,20210406,000000,142.8100000,144.1700000,142.5600000,143.6200000,239941
US1.PEP,D,20210407,000000,143.7800000,144.0600000,143.0400000,143.5000000,248463
US1.PEP,D,20210408,000000,143.6600000,144.1300000,142.0600000,142.5100000,436302
US1.PEP,D,20210409,000000,142.4200000,143.1200000,141.6100000,142.5500000,358336
US1.PEP,D,20210412,000000,142.3300000,143.4700000,142.1100000,143.0500000,202050
US1.PEP,D,20210413,000000,142.4900000,143.9600000,142.4900000,143.0200000,192520
US1.PEP,D,20210414,000000,142.6100000,142.6100000,141.2500000,142.2800000,273602
US1.PEP,D,20210415,000000,141.7600000,143.0800000,141.5900000,142.2600000,216091
US1.PEP,D,20210416,000000,143.5000000,144.3200000,142.4600000,144.2100000,277153
US1.PEP,D,20210419,000000,144.4100000,145.5700000,143.3000000,144.7700000,337884
US1.PEP,D,20210420,000000,144.2850000,146.6400000,143.9900000,145.6900000,296980
US1.PEP,D,20210421,000000,147.2700000,147.7900000,146.2200000,146.9800000,420068
US1.PEP,D,20210422,000000,146.6100000,146.6500000,145.3800000,146.0650000,353208
US1.PEP,D,20210423,000000,146.0100000,146.3300000,145.0800000,145.8300000,307230
US1.PEP,D,20210426,000000,145.6700000,145.7500000,142.9800000,143.3300000,242942
US1.PEP,D,20210427,000000,142.6800000,143.1300000,142.1400000,142.9000000,180330
US1.PEP,D,20210428,000000,143.5100000,143.6700000,141.7300000,141.8200000,287679
US1.PEP,D,20210429,000000,142.0900000,144.4300000,142.0900000,143.9400000,233940
US1.PEP,D,20210430,000000,143.5800000,144.2300000,142.5200000,144.2300000,228867
US1.PEP,D,20210503,000000,144.6100000,146.7700000,144.1300000,145.8300000,294139
US1.PEP,D,20210504,000000,145.5000000,146.7600000,143.4900000,144.0000000,367685
US1.PEP,D,20210505,000000,143.7200000,144.5600000,143.5000000,143.9100000,286722
US1.PEP,D,20210506,000000,144.3600000,145.9600000,144.2300000,145.5500000,238066
US1.PEP,D,20210507,000000,144.9800000,145.9900000,144.6000000,145.6600000,198986
US1.PEP,D,20210510,000000,146.3000000,147.9900000,146.2800000,146.8100000,263011
US1.PEP,D,20210511,000000,147.2800000,147.5400000,145.0200000,145.6000000,237242
US1.PEP,D,20210512,000000,144.9600000,145.7200000,143.8800000,144.2500000,282309
US1.PEP,D,20210513,000000,144.4000000,147.1100000,143.6400000,146.4500000,230642
US1.PEP,D,20210514,000000,147.2400000,147.8800000,146.4200000,146.5800000,186265
US1.PEP,D,20210517,000000,147.1000000,147.3900000,145.7300000,146.1800000,198767
US1.PEP,D,20210518,000000,146.4950000,146.9350000,145.3500000,145.4700000,165588
US1.PEP,D,20210519,000000,144.6400000,145.6100000,144.1000000,145.4700000,170609
US1.PEP,D,20210520,000000,145.1100000,147.7200000,145.1100000,147.2500000,180820
US1.PEP,D,20210521,000000,147.7600000,148.2900000,146.5300000,147.1400000,234082
US1.PEP,D,20210524,000000,147.7400000,148.3400000,147.0300000,147.8400000,147524
US1.PEP,D,20210525,000000,147.8650000,148.3600000,147.0100000,148.3400000,182109
US1.PEP,D,20210526,000000,148.0000000,148.6600000,147.7200000,148.3100000,197163
US1.PEP,D,20210527,000000,148.5400000,148.7500000,146.4500000,146.4500000,344655
US1.PEP,D,20210528,000000,147.5100000,148.5000000,147.3400000,147.9900000,256085
US1.PEP,D,20210601,000000,148.7100000,148.8100000,147.0900000,147.6300000,303976
US1.PEP,D,20210602,000000,148.1700000,148.5300000,147.2300000,148.2600000,197460
US1.PEP,D,20210603,000000,146.7100000,147.7600000,146.1700000,147.6900000,195367
US1.PEP,D,20210604,000000,148.0600000,148.5800000,147.4900000,147.8400000,197574
US1.PEP,D,20210607,000000,147.7200000,148.2100000,146.7200000,147.7600000,206948
US1.PEP,D,20210608,000000,147.7500000,147.8300000,145.9500000,146.3800000,213302
US1.PEP,D,20210609,000000,147.0500000,147.5900000,146.0500000,146.0500000,158439
US1.PEP,D,20210610,000000,146.4800000,148.0000000,146.1700000,147.6200000,148094
US1.PEP,D,20210611,000000,148.0000000,148.0300000,146.8000000,147.6900000,224677
US1.PEP,D,20210614,000000,147.1000000,148.5900000,146.8000000,148.5900000,155461
US1.PEP,D,20210615,000000,148.7900000,149.1500000,148.0900000,148.6600000,243663
US1.PEP,D,20210616,000000,148.8600000,149.2500000,146.7500000,147.0700000,291247
US1.PEP,D,20210617,000000,147.2700000,149.0000000,146.9100000,148.5000000,322162
US1.PEP,D,20210618,000000,147.9200000,147.9500000,145.2800000,145.2900000,372930
US1.PEP,D,20210621,000000,146.2500000,146.7100000,145.4800000,146.5700000,238043
US1.PEP,D,20210622,000000,146.8300000,147.5000000,146.3200000,146.7900000,189732
US1.PEP,D,20210623,000000,146.0500000,146.0500000,144.8400000,144.8400000,180381
US1.PEP,D,20210624,000000,145.1300000,145.9300000,144.6700000,145.6900000,193691
US1.PEP,D,20210625,000000,145.4200000,146.7800000,145.2700000,146.2900000,195582
US1.PEP,D,20210628,000000,146.7400000,147.5800000,146.6400000,147.0600000,173499
US1.PEP,D,20210629,000000,147.2100000,147.4100000,146.4100000,146.9600000,149624
US1.PEP,D,20210630,000000,147.4500000,148.3000000,147.2000000,148.1700000,258961
US1.PEP,D,20210701,000000,148.1000000,149.0700000,147.9400000,148.2000000,203954
US1.PEP,D,20210702,000000,148.8100000,149.7600000,148.6800000,148.9100000,156512
US1.PEP,D,20210706,000000,149.2800000,149.4000000,147.8100000,149.1100000,208674
US1.PEP,D,20210707,000000,149.1400000,150.6850000,149.0900000,149.7800000,172878
US1.PEP,D,20210708,000000,149.4700000,150.6500000,149.2300000,149.9100000,345422
US1.PEP,D,20210709,000000,149.8400000,150.2800000,149.1800000,149.4300000,191650
US1.PEP,D,20210712,000000,149.5900000,149.7900000,148.7800000,149.4700000,290337
US1.PEP,D,20210713,000000,151.1500000,153.9100000,150.7500000,153.0600000,573177
US1.PEP,D,20210714,000000,152.8800000,155.1400000,152.8800000,154.6000000,365390
US1.PEP,D,20210715,000000,154.7300000,155.3600000,153.2800000,155.2600000,285849
US1.PEP,D,20210716,000000,155.6850000,156.8200000,155.1100000,155.8100000,371650
US1.PEP,D,20210719,000000,155.6800000,157.5400000,154.7800000,155.8400000,278609
US1.PEP,D,20210720,000000,155.9100000,157.2700000,155.5650000,155.8200000,190102
US1.PEP,D,20210721,000000,155.9200000,156.1000000,154.5900000,155.1900000,243609
US1.PEP,D,20210722,000000,155.0000000,155.7400000,153.9800000,155.2000000,174294
US1.PEP,D,20210723,000000,155.6200000,157.7600000,155.2500000,157.2800000,191856
US1.PEP,D,20210726,000000,156.7900000,157.4600000,156.0300000,157.1000000,150837
US1.PEP,D,20210727,000000,157.4200000,158.6400000,157.0400000,157.9600000,240015
US1.PEP,D,20210728,000000,157.5200000,157.8900000,155.9200000,156.4600000,286295
US1.PEP,D,20210729,000000,156.8000000,157.4000000,156.2200000,156.8400000,152007
US1.PEP,D,20210730,000000,157.4300000,157.6000000,156.6550000,156.9600000,164336
US1.PEP,D,20210802,000000,156.9100000,157.0000000,155.5600000,156.3200000,176953
US1.PEP,D,20210803,000000,156.5100000,157.1300000,156.3100000,156.6800000,147414
US1.PEP,D,20210804,000000,156.2500000,156.6200000,153.8750000,154.0700000,283798
US1.PEP,D,20210805,000000,154.7500000,155.1100000,153.8800000,154.2800000,197264
US1.PEP,D,20210806,000000,153.7700000,154.7400000,153.6600000,154.3400000,204386
US1.PEP,D,20210809,000000,154.7000000,154.7300000,153.7200000,154.3500000,124558
US1.PEP,D,20210810,000000,154.2200000,155.2700000,153.9200000,154.4400000,111251
US1.PEP,D,20210811,000000,155.0200000,155.9700000,154.9400000,155.0000000,109736
US1.PEP,D,20210812,000000,155.1300000,155.2800000,154.7100000,155.1000000,71358
US1.PEP,D,20210813,000000,155.0800000,156.6600000,154.9700000,156.5400000,102313
US1.PEP,D,20210816,000000,157.1400000,158.1200000,156.7500000,158.0700000,141559
US1.PEP,D,20210817,000000,158.0600000,158.4500000,157.2500000,157.8900000,147444
US1.PEP,D,20210818,000000,157.6300000,158.2000000,156.2000000,156.3300000,127064
US1.PEP,D,20210819,000000,155.9200000,159.4100000,155.9200000,158.9500000,257104
US1.PEP,D,20210820,000000,158.6800000,159.6300000,158.2500000,158.3700000,160534
US1.PEP,D,20210823,000000,157.7400000,158.5000000,157.3800000,157.8300000,121626
US1.PEP,D,20210824,000000,157.0350000,157.0350000,155.6900000,155.9000000,176676
US1.PEP,D,20210825,000000,155.3600000,155.6700000,154.1750000,155.2100000,179501
US1.PEP,D,20210826,000000,155.6000000,155.6000000,154.1000000,154.6500000,191560
US1.PEP,D,20210827,000000,154.6900000,155.3900000,154.2300000,154.9200000,156806
US1.PEP,D,20210830,000000,155.2000000,156.1500000,155.0300000,155.9900000,113609
US1.PEP,D,20210831,000000,155.7000000,156.4600000,155.3400000,156.3700000,214743
US1.PEP,D,20210901,000000,156.8800000,158.1800000,156.5100000,157.9100000,221429
US1.PEP,D,20210902,000000,156.8800000,157.2600000,155.8900000,156.9600000,141242
US1.PEP,D,20210903,000000,156.4200000,157.4200000,155.9100000,157.1000000,85676
US1.PEP,D,20210907,000000,156.5200000,156.5200000,153.6900000,154.5800000,197933
US1.PEP,D,20210908,000000,154.6000000,156.7500000,154.4400000,156.7500000,136401
US1.PEP,D,20210909,000000,156.8200000,156.8500000,155.4100000,155.6800000,134495
US1.PEP,D,20210910,000000,155.9400000,156.2500000,155.0200000,155.4500000,128740
US1.PEP,D,20210913,000000,156.0600000,157.3500000,155.4000000,155.7700000,119940
US1.PEP,D,20210914,000000,156.3800000,156.6500000,154.8400000,155.2000000,89130
US1.PEP,D,20210915,000000,155.1700000,156.3650000,154.8100000,156.0500000,158568
US1.PEP,D,20210916,000000,155.6500000,156.0900000,153.8050000,155.5600000,170371
US1.PEP,D,20210917,000000,155.2300000,155.2300000,153.9100000,154.1500000,165336
US1.PEP,D,20210920,000000,153.9700000,154.9100000,152.4300000,153.6000000,226542
US1.PEP,D,20210921,000000,154.0300000,156.1100000,152.9900000,153.5900000,153146
US1.PEP,D,20210922,000000,154.4400000,155.0900000,153.4800000,154.0900000,112277
US1.PEP,D,20210923,000000,153.8500000,154.9050000,153.8200000,154.0800000,93606
US1.PEP,D,20210924,000000,153.9500000,154.5900000,153.5500000,154.2100000,99170
US1.PEP,D,20210927,000000,153.7400000,154.1000000,152.3900000,152.7600000,262478
US1.PEP,D,20210928,000000,152.1600000,152.3100000,150.1200000,151.1300000,233038
US1.PEP,D,20210929,000000,151.3400000,153.1600000,150.7300000,152.3400000,109660
US1.PEP,D,20210930,000000,153.2800000,153.4000000,150.4200000,150.4200000,165911
US1.PEP,D,20211001,000000,151.2300000,151.5700000,149.5500000,150.8600000,167875
US1.PEP,D,20211004,000000,150.7900000,152.0700000,149.5000000,150.3700000,218464
US1.PEP,D,20211005,000000,151.3300000,152.3900000,150.0700000,151.0200000,292464
US1.PEP,D,20211006,000000,150.5200000,155.1500000,149.9900000,154.9400000,251595
US1.PEP,D,20211007,000000,155.8300000,157.7500000,155.6500000,156.4000000,288817
US1.PEP,D,20211008,000000,156.5700000,156.7000000,155.5200000,155.9800000,188795
US1.PEP,D,20211011,000000,156.2900000,157.2000000,155.6800000,156.2700000,97348
US1.PEP,D,20211012,000000,156.2700000,157.8500000,156.2700000,156.9500000,140848
US1.PEP,D,20211013,000000,157.6800000,158.0500000,156.0700000,158.0500000,85470
US1.PEP,D,20211014,000000,158.7200000,159.4800000,158.6300000,159.2800000,155337
US1.PEP,D,20211015,000000,159.3700000,159.5300000,157.5300000,158.8200000,196498
US1.PEP,D,20211018,000000,158.4100000,158.6800000,156.8400000,158.1000000,98887
US1.PEP,D,20211019,000000,158.4000000,160.1600000,157.5500000,160.1600000,112747
US1.PEP,D,20211020,000000,159.9100000,161.8500000,159.6800000,161.2900000,189544
US1.PEP,D,20211021,000000,161.3000000,161.3300000,158.9850000,159.1500000,184935
US1.PEP,D,20211022,000000,159.5700000,160.4500000,159.5700000,159.9600000,133982
US1.PEP,D,20211025,000000,159.7000000,159.7500000,158.8000000,159.1600000,82940
US1.PEP,D,20211026,000000,159.1600000,161.4000000,159.1600000,161.2100000,167033
US1.PEP,D,20211027,000000,161.5100000,161.7300000,159.6100000,160.6600000,111334
US1.PEP,D,20211028,000000,160.7200000,161.7000000,160.5600000,161.6000000,115904
US1.PEP,D,20211029,000000,161.2000000,162.1900000,160.9200000,161.5700000,124727
US1.PEP,D,20211101,000000,161.1500000,161.4200000,160.1900000,161.2800000,83803
US1.PEP,D,20211102,000000,161.7500000,162.8000000,160.9400000,162.7700000,167077
US1.PEP,D,20211103,000000,162.1700000,164.3700000,162.1700000,164.3400000,184196
US1.PEP,D,20211104,000000,164.1300000,164.5600000,163.4900000,164.3000000,141908
US1.PEP,D,20211105,000000,165.3900000,166.4100000,164.5300000,166.0000000,200090
US1.PEP,D,20211108,000000,165.8100000,165.8100000,161.1650000,162.4500000,202924
US1.PEP,D,20211109,000000,162.4800000,163.8500000,162.0000000,163.5000000,177129
US1.PEP,D,20211110,000000,164.4900000,164.9600000,163.0400000,164.0500000,105793
US1.PEP,D,20211111,000000,163.9000000,163.9000000,162.5700000,162.6800000,77024
US1.PEP,D,20211112,000000,163.1800000,163.9200000,162.1100000,162.6800000,125796
US1.PEP,D,20211115,000000,162.6800000,163.8700000,162.5600000,163.8700000,104504
US1.PEP,D,20211116,000000,164.2500000,164.9800000,163.2700000,163.3300000,95813
US1.PEP,D,20211117,000000,162.8100000,163.6700000,162.2200000,163.3500000,101262
US1.PEP,D,20211118,000000,162.5100000,163.5200000,161.8100000,163.4200000,113058
US1.PEP,D,20211119,000000,164.3900000,165.0200000,163.4400000,163.8400000,131703
US1.PEP,D,20211122,000000,163.1800000,166.7400000,163.1800000,164.1500000,112348
US1.PEP,D,20211123,000000,163.7000000,165.6200000,163.3600000,165.2600000,101673
US1.PEP,D,20211124,000000,165.4100000,165.4100000,162.6000000,163.7700000,102211
US1.PEP,D,20211126,000000,162.8700000,163.5900000,160.9000000,161.0500000,129964
US1.PEP,D,20211129,000000,162.2100000,164.5750000,161.1850000,164.1100000,173314
US1.PEP,D,20211130,000000,163.8700000,163.9600000,159.0900000,159.7700000,217354
US1.PEP,D,20211201,000000,161.7300000,163.1900000,160.0500000,160.1200000,212514
US1.PEP,D,20211202,000000,160.0750000,161.6500000,159.8500000,160.5300000,115173
US1.PEP,D,20211203,000000,161.5100000,164.8700000,161.4700000,164.6300000,188263
US1.PEP,D,20211206,000000,166.1000000,167.2900000,165.8400000,166.3400000,129767
US1.PEP,D,20211207,000000,166.4000000,166.9300000,165.6600000,166.1900000,145452
US1.PEP,D,20211208,000000,166.3500000,166.6800000,164.0600000,166.5300000,132890
US1.PEP,D,20211209,000000,165.8850000,166.8500000,164.8500000,166.3600000,97318
US1.PEP,D,20211210,000000,167.1800000,169.1200000,167.1700000,168.9700000,148249
US1.PEP,D,20211213,000000,169.1500000,171.1900000,168.0700000,169.8100000,150262
US1.PEP,D,20211214,000000,169.7700000,170.1800000,168.3000000,169.3800000,181600
US1.PEP,D,20211215,000000,169.8200000,171.7700000,169.5300000,171.5300000,184865
US1.PEP,D,20211216,000000,171.5300000,173.5300000,171.0200000,171.8500000,234080
US1.PEP,D,20211217,000000,171.2200000,172.3700000,168.1300000,168.1700000,282140
US1.PEP,D,20211220,000000,166.8200000,169.5000000,166.8200000,169.4000000,160215
US1.PEP,D,20211221,000000,169.4800000,169.6000000,167.7800000,168.9000000,131195
US1.PEP,D,20211222,000000,168.9700000,169.9800000,168.3100000,169.9400000,113951
US1.PEP,D,20211223,000000,169.9300000,170.6200000,169.2600000,169.8100000,80765
US1.PEP,D,20211227,000000,170.4200000,171.5200000,169.8500000,171.4700000,64176
US1.PEP,D,20211228,000000,171.2000000,172.7500000,171.2000000,172.3800000,72686
US1.PEP,D,20211229,000000,172.6450000,173.4600000,171.9500000,173.0000000,89137
US1.PEP,D,20211230,000000,173.5500000,173.5500000,172.3000000,172.7400000,52393
US1.PEP,D,20211231,000000,172.4000000,174.0000000,172.1100000,173.7400000,109557
